0.00001	1.972492835529074e-27
0.000010115794542598983	1.840868382646603e-27
0.000010232929922807536	1.718027902447777e-27
0.000010351421666793431	1.6033851652499005e-27
0.000010471285480508985	1.4963930668576642e-27
0.000010592537251772897	1.3965410172321623e-27
0.00001071519305237607	1.3033525034493719e-27
0.000010839269140212039	1.2163828153150683e-27
0.000010964781961431852	1.1352169227800973e-27
0.00001109174815262401	1.059467495023993e-27
0.00001122018454301963	9.887730517514999e-28
0.000011350108156723144	9.227962378775739e-28
0.000011481536214968817	8.612222133653808e-28
0.000011614486138403437	8.03757150531549e-28
0.000011748975549395302	7.501268316459175e-28
0.00001188502227437019	7.000753401315987e-28
0.000012022644346174132	6.5336383911829465e-28
0.00001216186000646368	6.097694315184331e-28
0.00001230268770812381	5.690840961850401e-28
0.000012445146117713844	5.311136950733546e-28
0.000012589254117941661	4.956770466671365e-28
0.000012735030810166629	4.62605061246911e-28
0.000012882495516931348	4.3173993387263125e-28
0.000013031667784523	4.029343912286056e-28
0.000013182567385564074	3.760509887358507e-28
0.00001333521432163324	3.509614545767549e-28
0.000013489628825916533	3.2754607750100973e-28
0.000013645831365889238	3.056931354906844e-28
0.000013803842646028839	2.852983625573737e-28
0.000013963683610559363	2.6626445112636316e-28
0.000014125375446227555	2.4850058763261216e-28
0.000014288939585111037	2.319220191119146e-28
0.00001445439770745928	2.1644964871848157e-28
0.000014621771744567184	2.020096582383636e-28
0.000014791083881682072	1.8853315579689062e-28
0.000014962356560944327	1.7595584707862311e-28
0.000015135612484362071	1.642177284905223e-28
0.000015310874616820287	1.532628008037867e-28
0.000015488166189124828	1.4303880190755275e-28
0.000015667510701081502	1.3349695739889606e-28
0.00001584893192461114	1.2459174781866212e-28
0.000016032453906900417	1.1628069142218432e-28
0.0000162181009735893	1.0852414144802158e-28
0.000016405897731995387	1.0128509691709838e-28
0.000016595869074375598	9.452902605919448e-29
0.000016788040181225588	8.822370152400821e-29
0.00001698243652461746	8.233904659026441e-29
0.000017179083871575893	7.684699163884473e-29
0.000017378008287493764	7.172134020488046e-29
0.00001757923613958693	6.693764396951399e-29
0.00001778279410038923	6.247308609466373e-29
0.000017988709151287874	5.830637234397249e-29
0.000018197008586099827	5.441762947027712e-29
0.000018407720014689545	5.078831038462124e-29
0.000018620871366628657	4.7401105654201035e-29
0.00001883649089489802	4.4239860906843884e-29
0.000019054607179632484	4.1289499747813056e-29
0.000019275249131909368	3.853595182103356e-29
0.000019498445997580456	3.596608567140493e-29
0.000019724227361148534	3.3567646087765574e-29
0.000019952623149688786	3.132919562746974e-29
0.000020183663636815596	2.924006004349311e-29
0.000020417379446695274	2.72902773536109e-29
0.00002065380155810531	2.5470550308574395e-29
0.00002089296130854041	2.377220203243871e-29
0.000021134890398366476	2.2187134623326666e-29
0.000021379620895022323	2.0707790517055958e-29
0.000021627185237270203	1.9327116429232206e-29
0.00002187761623949552	1.8038529703723383e-29
0.000022130947096056366	1.6835886906914478e-29
0.00002238721138568338	1.571345451786077e-29
0.00002264644307593062	1.4665881574460344e-29
0.00002290867652767775	1.3688174145104374e-29
0.000023173946499684798	1.2775671503971626e-29
0.00002344228815319923	1.1924023896271927e-29
0.000023713737056616554	1.1129171787324693e-29
0.0000239883291901949	1.0387326496444722e-29
0.000024266100950824144	9.694952123215551e-30
0.000024547089156850286	9.048748679898652e-30
0.00002483133105295568	8.445636349483482e-30
0.000025118864315095822	7.882740794255685e-30
0.000025409727055493064	7.357379444774733e-30
0.000025703957827688645	6.867048703829706e-30
0.00002600159563165272	6.409412004312168e-30
0.000026302679918953814	5.9822886640165596e-30
0.000026607250597988085	5.5836434841845116e-30
0.00002691534803926914	5.2115770421579765e-30
0.0000272270130807791	4.864316631818793e-30
0.00002754228703338169	4.540207808583976e-30
0.000027861211686297722	4.23770649861132e-30
0.00002818382931264455	3.955371634561644e-30
0.000028510182675039097	3.6918582827786525e-30
0.000028840315031266056	3.445911229090779e-30
0.00002917427014001166	3.21635899262918e-30
0.00002951209226666384	3.0021082390982472e-30
0.00002985382618917957	2.80213856684142e-30
0.000030199517204020192	2.6154976408240127e-30
0.00003054921113215516	2.441296651315381e-30
0.00003090295432513592	2.2787060756015568e-30
0.00003126079367123956	2.12695172250672e-30
0.000031622776601683795	1.9853110408503334e-30
0.000031988951096913973	1.8531096742269133e-30
0.00003235936569296281	1.7297182456707152e-30
0.00003273406948788379	1.6145493568645473e-30
0.000033113112148259076	1.5070547875758142e-30
0.000033496543915782794	1.406722881958273e-30
0.000033884415613920276	1.3130761092497913e-30
0.00003427677865464505	1.225668787228286e-30
0.00003467368504525317	1.1440849575651998e-30
0.000035075187395256795	1.067936402940113e-30
0.000035481338923357534	9.968607964568861e-31
0.0000358921934645005	9.30519974532896e-31
0.000036307805477010174	8.685983250221024e-31
0.0000367282300498085	8.10801282882601e-31
0.00003715352290971728	7.56853926212236e-31
0.00003758374042884443	7.064996659551176e-31
0.000038018939632056124	6.594990230284729e-31
0.000038459178204535356	6.156284870365716e-31
0.000038904514499428046	5.746794511276939e-31
0.00003935500754557772	5.364572179133819e-31
0.000039810717055349695	5.007800717083096e-31
0.00004027170343254595	4.674784126654806e-31
0.0000407380277804113	4.36393948676843e-31
0.00004120975190973304	4.073789411848675e-31
0.00004168693834703355	3.80295501308061e-31
0.00004216965034285822	3.550149329232079e-31
0.00004265795188015926	3.314171195712857e-31
0.0000431519076827765	3.093899522630462e-31
0.000043651583224016566	2.8882879545533963e-31
0.00004415704473533121	2.6963598865140655e-31
0.00004466835921509635	2.51720381248267e-31
0.00004518559443749226	2.349968984129791e-31
0.000045708818961487516	2.1938613591749274e-31
0.000046238102139926034	2.048139820000763e-31
0.00004677351412871981	1.912112644500995e-31
0.00004731512589614803	1.7851342123335739e-31
0.000047863009232263804	1.6666019308737166e-31
0.00004841723675840999	1.5559533662091659e-31
0.00004897788193684466	1.4526635654982885e-31
0.00004954501908047905	1.3562425579239696e-31
0.00005011872336272725	1.2662330223288077e-31
0.000050699070827470445	1.1822081104114645e-31
0.00005128613839913648	1.1037694151063485e-31
0.000051880003892896095	1.0305450744611795e-31
0.00005248074602497723	9.62188001973206e-32
0.00005308844442309879	8.98374234947975e-32
0.000053703179637025325	8.388013930074187e-32
0.00005432503314924336	7.831872393994084e-32
0.00005495408738576248	7.312683382509552e-32
0.00005559042572704037	6.82798801365159e-32
0.00005623413251903491	6.375491185886526e-32
0.00005688529308438413	5.953050661750005e-32
0.000057543993733715664	5.558666879414204e-32
0.0000582103217770871	5.19047344363248e-32
0.00005888436553555884	4.846728250745718e-32
0.000059566214352901096	4.525805205457483e-32
0.000060255958607435806	4.2261864899073704e-32
0.00006095368972401694	3.9464553482037834e-32
0.00006165950018614822	3.685289352037277e-32
0.00006237348354824191	3.441454115286901e-32
0.00006309573444801929	3.2137974276740696e-32
0.00006382634861905483	3.00124377951556e-32
0.00006456542290346563	2.8027892514919856e-32
0.00006531305526474729	2.617496745088158e-32
0.00006606934480075965	2.4444915309851298e-32
0.00006683439175686149	2.2829570942005176e-32
0.00006760829753919819	2.1321312561868707e-32
0.00006839116472814293	1.991302555418803e-32
0.00006918309709189363	1.859806869231361e-32
0.00006998419960022731	1.7370242608219083e-32
0.00007079457843841373	1.622376036401022e-32
0.00007161434102129028	1.5153219984793037e-32
0.00007244359600749906	1.4153578822119203e-32
0.00007328245331389045	1.3220129625945639e-32
0.00007413102413009176	1.2348478211194029e-32
0.00007498942093324559	1.153452261258676e-32
0.00007585775750291836	1.0774433628531933e-32
0.00007673614893618186	1.0064636661446403e-32
0.00007762471166286911	9.401794768083244e-33
0.00007852356346100711	8.78279283919427e-33
0.00007943282347242822	8.204722833238767e-33
0.00008035261221856177	7.664869993870838e-33
0.00008128305161640995	7.160699985622562e-33
0.00008222426499470712	6.689846886576926e-33
0.00008317637711026709	6.250101980902842e-33
0.00008413951416451947	5.8394032979364534e-33
0.0000851138038202376	5.455825848047492e-33
0.00008609937521846016	5.097572508847924e-33
0.00008709635899560814	4.7629655183973754e-33
0.00008810488730080147	4.450438534948988e-33
0.00008912509381337459	4.158529225479114e-33
0.00009015711376059571	3.885872347759544e-33
0.00009120108393559096	3.6311932930822995e-33
0.00009225714271547629	3.393302058939234e-33
0.00009332543007969905	3.1710876230057564e-33
0.00009440608762859227	2.963512691687995e-33
0.00009549925860214369	2.7696087982756268e-33
0.0000966050878989814	2.58847172740664e-33
0.00009772372209558111	2.419257244102608e-33
0.0000988553094656939	2.261177107083541e-33
0.0001	2.1134953474229042e-33
0.00010115794542598982	1.975524794866601e-33
0.00010232929922807536	1.8466238353178018e-33
0.0001035142166679344	1.726193384089219e-33
0.00010471285480508996	1.613674060550866e-33
0.00010592537251772886	1.50854355075911e-33
0.0001071519305237607	1.4103141455471874e-33
0.00010839269140212039	1.3185304423915544e-33
0.00010964781961431851	1.2327672001472125e-33
0.00011091748152624009	1.1526273364723216e-33
0.0001122018454301963	1.0777400584404648e-33
0.00011350108156723143	1.0077591174723452e-33
0.0001148153621496883	9.423611803095291e-34
0.00011614486138403426	8.812443083045024e-34
0.00011748975549395303	8.241265378159309e-34
0.00011885022274370189	7.707445549787474e-34
0.00012022644346174131	7.208524585667847e-34
0.00012161860006463679	6.742206050845327e-34
0.0001230268770812381	6.306345306149974e-34
0.00012445146117713845	5.89893944315371e-34
0.00012589254117941674	5.518117887924594e-34
0.00012735030810166617	5.1621336290745025e-34
0.0001288249551693135	4.829355028559881e-34
0.00013031667784523	4.518258176463222e-34
0.00013182567385564074	4.227419753563612e-34
0.0001333521432163324	3.955510367916802e-34
0.00013489628825916533	3.7012883339133683e-34
0.0001364583136588924	3.4635938643842243e-34
0.00013803842646028852	3.2413436482820524e-34
0.00013963683610559378	3.033525788296683e-34
0.00014125375446227554	2.8391950744693625e-34
0.00014288939585111037	2.6574685714650364e-34
0.0001445439770745928	2.4875214986482444e-34
0.00014621771744567183	2.328583383497363e-34
0.00014791083881682073	2.1799344701870116e-34
0.00014962356560944327	2.0409023663782155e-34
0.00015135612484362072	1.9108589123846338e-34
0.00015310874616820304	1.7892172579368863e-34
0.0001548816618912481	1.67542913275044e-34
0.000156675107010815	1.5689822980203264e-34
0.00015848931924611142	1.469398166823143e-34
0.0001603245390690042	1.376229582206009e-34
0.00016218100973589298	1.2890587424890961e-34
0.00016405897731995388	1.207495264004785e-34
0.00016595869074375596	1.1311743721470256e-34
0.00016788040181225607	1.059755212211424e-34
0.00016982436524617443	9.929192720733293e-35
0.00017179083871575893	9.303689092798565e-35
0.00017378008287493763	8.718259756258125e-35
0.0001757923613958693	8.170305327438892e-35
0.00017782794100389227	7.657396526699932e-35
0.00017988709151287873	7.177262977458241e-35
0.00018197008586099826	6.727782745957088e-35
0.00018407720014689563	6.306972572644879e-35
0.00018620871366628676	5.912978749298141e-35
0.0001883649089489802	5.544068599069629e-35
0.00019054607179632481	5.198622519489295e-35
0.00019275249131909367	4.875126551099697e-35
0.00019498445997580456	4.5721654368887424e-35
0.00019724227361148534	4.288416139995164e-35
0.00019952623149688788	4.0226417893234943e-35
0.00020183663636815598	3.773686024721361e-35
0.00020417379446695296	3.540467715254427e-35
0.00020653801558105292	3.3219760258716395e-35
0.0002089296130854041	3.117265809393431e-35
0.00021134890398366476	2.925453302287352e-35
0.00021379620895022324	2.745712104124281e-35
0.00021627185237270202	2.5772694219434233e-35
0.00021877616239495518	2.419402561999482e-35
0.00022130947096056364	2.2714356525284276e-35
0.000223872113856834	2.1327365822538024e-35
0.00022646443075930594	2.0027141403688907e-35
0.00022908676527677748	1.8808153446759522e-35
0.00023173946499684798	1.766522945447255e-35
0.00023442288153199226	1.6593530933965822e-35
0.00023713737056616554	1.5588531609201163e-35
0.000239883291901949	1.4645997064837787e-35
0.00024266100950824144	1.3761965727050895e-35
0.0002454708915685031	1.2932731093038648e-35
0.00024831331052955704	1.215482512680764e-35
0.0002511886431509582	1.1425002744283755e-35
0.0002540972705549306	1.0740227315895089e-35
0.0002570395782768865	1.0097657119526166e-35
0.0002600159563165272	9.494632681189749e-36
0.00026302679918953814	8.928664944905568e-36
0.00026607250597988083	8.39742421714952e-36
0.0002691534803926914	7.898729834850622e-36
0.00027227013080779127	7.430540509288663e-36
0.0002754228703338166	6.990945301396396e-36
0.0002786121168629772	6.578155186911833e-36
0.0002818382931264455	6.190495172574653e-36
0.000285101826750391	5.826396927123378e-36
0.00028840315031266055	5.484391893247065e-36
0.0002917427014001166	5.163104848879633e-36
0.0002951209226666384	4.861247888313666e-36
0.000298538261891796	4.577614795559649e-36
0.0003019951720402016	4.3110757841971896e-36
0.00030549211132155157	4.0605725796640074e-36
0.0003090295432513592	3.825113821516479e-36
0.0003126079367123956	3.60377076467631e-36
0.00031622776601683794	3.395673260063185e-36
0.00031988951096913973	3.200005996304379e-36
0.0003235936569296281	3.016004985419766e-36
0.0003273406948788383	2.8429542765072018e-36
0.0003311311214825911	2.680182882505851e-36
0.00033496543915782794	2.5270619060973197e-36
0.00033884415613920273	2.383001851722891e-36
0.0003427677865464505	2.2474501115513055e-36
0.0003467368504525317	2.1198886140327582e-36
0.0003507518739525679	1.9998316244216835e-36
0.0003548133892335753	1.886823687349274e-36
0.000358921934645005	1.7804377021785672e-36
0.0003630780547701014	1.680273122483819e-36
0.0003672823004980846	1.5859542715647154e-36
0.0003715352290971728	1.497128766436834e-36
0.0003758374042884443	1.4134660432363492e-36
0.00038018939632056124	1.3346559774397412e-36
0.00038459178204535354	1.260407592732635e-36
0.0003890451449942805	1.1904478527657526e-36
0.00039355007545577726	1.124520530413739e-36
0.00039810717055349735	1.0623851495053092e-36
0.00040271703432545906	1.003815994322639e-36
0.00040738027780411304	9.486011824755984e-37
0.00041209751909733044	8.965417970441324e-37
0.0004168693834703355	8.474510741503798e-37
0.00042169650342858224	8.01153642373279e-37
0.00042657951880159257	7.574848106526315e-37
0.000431519076827765	7.162899015486082e-37
0.0004365158322401661	6.774236269272685e-37
0.0004415704473533125	6.407495033337924e-37
0.0004466835921509635	6.061393044936142e-37
0.00045185594437492264	5.734725485486362e-37
0.0004570881896148752	5.426360177913861e-37
0.00046238102139926034	5.135233088058217e-37
0.00046773514128719813	4.860344110594348e-37
0.0004731512589614803	4.600753121185563e-37
0.00047863009232263805	4.355576277775613e-37
0.0004841723675840994	4.1239825550371676e-37
0.0004897788193684461	3.9051904970320364e-37
0.0004954501908047905	3.6984651741076078e-37
0.0005011872336272725	3.5031153309611917e-37
0.0005069907082747044	3.318490713649709e-37
0.0005128613839913648	3.1439795641148075e-37
0.000518800038928961	2.9790062715326623e-37
0.0005248074602497723	2.8230291704893514e-37
0.0005308844442309885	2.6755384766291125e-37
0.0005370317963702527	2.536054351026903e-37
0.0005432503314924337	2.4041250851011005e-37
0.0005495408738576248	2.279325398410698e-37
0.0005559042572704037	2.1612548421739983e-37
0.0005623413251903491	2.049536301807957e-37
0.0005688529308438414	1.943814592217976e-37
0.0005754399373371566	1.843755139971566e-37
0.0005821032177708716	1.7490427468660724e-37
0.0005888436553555889	1.6593804297533358e-37
0.000595662143529011	1.5744883318134811e-37
0.0006025595860743581	1.4941027007786222e-37
0.0006095368972401694	1.4179749298949359e-37
0.0006165950018614823	1.3458706576816085e-37
0.0006237348354824192	1.277568922796755e-37
0.000630957344480193	1.2128613705563662e-37
0.0006382634861905482	1.1515515078727097e-37
0.0006456542290346556	1.0934540035848018e-37
0.0006531305526474723	1.0383940313464806e-37
0.0006606934480075965	9.862066524178985e-38
0.0006683439175686149	9.36736235875211e-38
0.0006760829753919819	8.898359139108573e-38
0.0006839116472814292	8.453670700447762e-38
0.0006918309709189362	8.031988582048919e-38
0.000699841996002273	7.632077507645941e-38
0.000707945784384138	7.252771137458742e-38
0.000716143410212902	6.892968075100078e-38
0.0007244359600749906	6.551628113635263e-38
0.0007328245331389044	6.227768706064911e-38
0.0007413102413009177	5.920461646426892e-38
0.0007498942093324559	5.628829948583661e-38
0.0007585775750291835	5.352044910572684e-38
0.0007673614893618186	5.089323353159149e-38
0.0007762471166286919	4.839925021942077e-38
0.0007852356346100719	4.6031501430317974e-38
0.0007943282347242822	4.378337122940663e-38
0.0008035261221856177	4.1648603839140137e-38
0.0008128305161640995	3.962128326474589e-38
0.0008222426499470713	3.7695814114671284e-38
0.0008317637711026709	3.5866903543689426e-38
0.0008413951416451947	3.412954425082115e-38
0.0008511380382023759	3.247899846843748e-38
0.0008609937521846007	3.0910782882850273e-38
0.0008709635899560805	2.942065443039202e-38
0.0008810488730080147	2.800459691644334e-38
0.0008912509381337459	2.6658808408113863e-38
0.000901571137605957	2.537968935431102e-38
0.0009120108393559096	2.416383138978544e-38
0.0009225714271547629	2.300800678240174e-38
0.0009332543007969905	2.1909158485386462e-38
0.0009440608762859235	2.086439075864521e-38
0.0009549925860214359	1.9870960325438066e-38
0.0009660508789898141	1.8926268032757446e-38
0.000977237220955811	1.802785098568613e-38
0.000988553094656939	1.7173375127816595e-38
0.001	1.6360628241513842e-38
0.0010115794542598982	1.5587513343389986e-38
0.0010232929922807546	1.485204245185248e-38
0.0010351421666793441	1.4152330704986085e-38
0.0010471285480508996	1.3486590808339096e-38
0.0010592537251772887	1.2853127793417367e-38
0.001071519305237607	1.2250334068841568e-38
0.0010839269140212038	1.1676684747207968e-38
0.0010964781961431851	1.1130733231707573e-38
0.0011091748152624009	1.0611107047514151e-38
0.001122018454301963	1.0116503903844456e-38
0.0011350108156723154	9.645687973435351e-39
0.0011481536214968829	9.197486376970515e-39
0.0011614486138403425	8.77078586072899e-39
0.001174897554939529	8.364529656424047e-39
0.001188502227437019	7.977714512851813e-39
0.001202264434617413	7.609387889582909e-39
0.001216186000646368	7.258645303504746e-39
0.0012302687708123812	6.92462781956382e-39
0.0012445146117713857	6.606519677563644e-39
0.0012589254117941675	6.303546047351926e-39
0.0012735030810166615	6.014970905177809e-39
0.0012882495516931337	5.7400950244219417e-39
0.0013031667784523	5.478254074297005e-39
0.0013182567385564075	5.228816820488673e-39
0.001333521432163324	4.99118342205613e-39
0.0013489628825916532	4.764783819240508e-39
0.0013645831365889252	4.549076207137759e-39
0.0013803842646028853	4.3435455904837095e-39
0.0013963683610559376	4.147702415071424e-39
0.001412537544622754	3.961081271578877e-39
0.0014288939585111037	3.7832396678257517e-39
0.001445439770745928	3.613756865706093e-39
0.0014621771744567182	3.452232779257005e-39
0.0014791083881682072	3.298286930525396e-39
0.0014962356560944343	3.151557460083604e-39
0.0015135612484362087	3.011700189223487e-39
0.0015310874616820303	2.8783877310259354e-39
0.0015488166189124811	2.7513086476612356e-39
0.0015667510701081486	2.6301666514240123e-39
0.001584893192461114	2.514679847146808e-39
0.0016032453906900418	2.404580013768205e-39
0.0016218100973589297	2.2996119229555358e-39
0.0016405897731995387	2.1995326927995247e-39
0.0016595869074375613	2.104111174708207e-39
0.0016788040181225606	2.013127371731558e-39
0.0016982436524617442	1.9263718866460365e-39
0.0017179083871575877	1.843645398220733e-39
0.0017378008287493763	1.7647581641736204e-39
0.0017579236139586931	1.6895295494085292e-39
0.0017782794100389228	1.617787578200699e-39
0.0017988709151287874	1.5493685090718532e-39
0.0018197008586099844	1.4841164311643156e-39
0.0018407720014689563	1.4218828809887207e-39
0.0018620871366628676	1.3625264784809057e-39
0.0018836490894898002	1.3059125813615248e-39
0.0019054607179632482	1.2519129568461937e-39
0.0019275249131909366	1.2004054698055546e-39
0.0019498445997580456	1.1512737865230362e-39
0.0019724227361148533	1.1044070932440849e-39
0.0019952623149688807	1.0596998287536998e-39
0.0020183663636815616	1.0170514302601259e-39
0.0020417379446695297	9.763660919009426e-40
0.0020653801558105293	9.375525352244336e-40
0.0020892961308540386	9.005237910333374e-40
0.0021134890398366475	8.651969920107086e-40
0.0021379620895022326	8.314931755783226e-40
0.00216271852372702	7.99337096467006e-40
0.002187761623949552	7.686570485058504e-40
0.0022130947096056387	7.393846951630701e-40
0.00223872113856834	7.114549083958646e-40
0.0022646443075930596	6.848056153897656e-40
0.0022908676527677724	6.593776527899513e-40
0.0023173946499684796	6.351146280476372e-40
0.0023442288153199225	6.1196278752436385e-40
0.0023713737056616554	5.8987089101544995e-40
0.00239883291901949	5.6879009237153245e-40
0.002426610095082417	5.486738259136289e-40
0.002454708915685031	5.2947769835293895e-40
0.0024831331052955702	5.111593859414167e-40
0.0025118864315095794	4.936785365932888e-40
0.0025409727055493063	4.7699667673096166e-40
0.0025703957827688645	4.610771226214239e-40
0.002600159563165272	4.458848959811606e-40
0.0026302679918953813	4.313866436389586e-40
0.0026607250597988114	4.175505610566604e-40
0.0026915348039269166	4.043463195181078e-40
0.0027227013080779127	3.917449968061005e-40
0.002754228703338166	3.797190111963636e-40
0.0027861211686297693	3.682420586060997e-40
0.002818382931264455	3.572890527429236e-40
0.00285101826750391	3.4683606810772575e-40
0.0028840315031266055	3.3686028571235295e-40
0.002917427014001166	3.273399413799982e-40
0.002951209226666387	3.1825427650277447e-40
0.0029853826189179603	3.095834911372324e-40
0.003019951720402016	3.013086993245178e-40
0.0030549211132155124	2.9341188652752163e-40
0.003090295432513592	2.858758690827069e-40
0.0031260793671239557	2.786842555693875e-40
0.0031622776601683794	2.7182141000402956e-40
0.0031988951096913972	2.6527241677174824e-40
0.003235936569296284	2.5902304721147277e-40
0.003273406948788383	2.5305972777540035e-40
0.003311311214825911	2.4736950968723716e-40
0.003349654391578276	2.4194004002746396e-40
0.0033884415613920273	2.3675953417735905e-40
0.003427677865464505	2.318167495568712e-40
0.0034673685045253167	2.271009605945982e-40
0.0035075187395256797	2.2260193487115415e-40
0.0035481338923357567	2.183099103800606e-40
0.0035892193464500534	2.142155738530263e-40
0.003630780547701014	2.1031004009905206e-40
0.003672823004980846	2.065848323092691e-40
0.003715352290971724	2.0303186328173558e-40
0.003758374042884443	1.9964341752264067e-40
0.0038018939632056127	1.9641213418247235e-40
0.0038459178204535353	1.9333099078769887e-40
0.003890451449942805	1.903932877304285e-40
0.003935500754557776	1.875926334803094e-40
0.003981071705534973	1.8492293048465783e-40
0.004027170343254591	1.8237836172443248e-40
0.004073802778041126	1.799533778952319e-40
0.004120975190973304	1.7764268518396458e-40
0.004168693834703355	1.7544123361325191e-40
0.004216965034285823	1.7334420592695269e-40
0.004265795188015926	1.7134700699147938e-40
0.004315190768277654	1.694452536887761e-40
0.004365158322401661	1.6763476527798428e-40
0.004415704473533125	1.6591155420391146e-40
0.0044668359215096305	1.642718173314653e-40
0.004518559443749226	1.6271192758619916e-40
0.004570881896148752	1.6122842598206316e-40
0.004623810213992603	1.5981801401834685e-40
0.004677351412871981	1.584775464286577e-40
0.004731512589614808	1.5720402426558834e-40
0.004786300923226385	1.5599458830550055e-40
0.004841723675840994	1.548465127585875e-40
0.004897788193684461	1.5375719927008106e-40
0.004954501908047901	1.5272417119913204e-40
0.005011872336272725	1.5174506816253066e-40
0.005069907082747045	1.5081764083103683e-40
0.005128613839913648	1.4993974596666565e-40
0.005188000389289609	1.4910934168982282e-40
0.005248074602497728	1.483244829657059e-40
0.005308844442309885	1.4758331729988377e-40
0.005370317963702527	1.468840806334411e-40
0.0054325033149243305	1.4622509342852566e-40
0.005495408738576248	1.4560475693556527e-40
0.005559042572704037	1.4502154963383082e-40
0.005623413251903491	1.444740238374106e-40
0.005688529308438413	1.4396080245903506e-40
0.005754399373371573	1.4348057592454126e-40
0.005821032177708716	1.4303209923110717e-40
0.00588843655355589	1.426141891427043e-40
0.005956621435290103	1.4222572151652489e-40
0.0060255958607435805	1.4186562875443118e-40
0.006095368972401693	1.415328973737521e-40
0.006165950018614822	1.412265656920176e-40
0.006237348354824191	1.409457216204745e-40
0.006309573444801936	1.4068950056146617e-40
0.0063826348619054896	1.404570834049908e-40
0.006456542290346556	1.4024769461996855e-40
0.006531305526474723	1.4006060043595993e-40
0.006606934480075957	1.398951071112724e-40
0.006683439175686149	1.3975055928358653e-40
0.006760829753919818	1.3962633839940893e-40
0.006839116472814293	1.395218612188358e-40
0.006918309709189363	1.3943657839227218e-40
0.006998419960022738	1.3936997310591023e-40
0.00707945784384138	1.3932155979291941e-40
0.00716143410212902	1.3929088290744323e-40
0.007244359600749898	1.392775157586335e-40
0.007328245331389044	1.3928105940208372e-40
0.007413102413009177	1.3930114158614479e-40
0.007498942093324558	1.39337415750727e-40
0.007585775750291836	1.3938956007630264e-40
0.007673614893618194	1.3945727658093213e-40
0.00776247116628692	1.3954029026323942e-40
0.007852356346100719	1.3963834828935854e-40
0.007943282347242814	1.3975121922196967e-40
0.008035261221856178	1.3987869228962801e-40
0.008128305161640995	1.4002057669467876e-40
0.008222426499470713	1.4017670095812768e-40
0.008317637711026709	1.4034691229991872e-40
0.008413951416451956	1.4053107605314076e-40
0.008511380382023767	1.4072907511075843e-40
0.008609937521846007	1.409408094035284e-40
0.008709635899560805	1.411661954078275e-40
0.008810488730080137	1.4140516568217996e-40
0.008912509381337459	1.4165766843133069e-40
0.00901571137605957	1.4192366709676697e-40
0.009120108393559097	1.422031399726454e-40
0.00922571427154763	1.4249607984613118e-40
0.009332543007969915	1.4280249366120715e-40
0.009440608762859235	1.4312240220505534e-40
0.009549925860214359	1.4345583981616029e-40
0.009660508789898131	1.4380285411332491e-40
0.009772372209558112	1.4416350574483084e-40
0.00988553094656939	1.4453786815701556e-40
0.01	1.4492602738157409e-40
0.010115794542598982	1.4532808184093092e-40
0.010232929922807547	1.4574414217106075e-40
0.010351421666793441	1.461743310611701e-40
0.010471285480508996	1.4661878310968375e-40
0.010592537251772886	1.4707764469600833e-40
0.01071519305237607	1.4755107386757732e-40
0.010839269140212038	1.4803924024170588e-40
0.01096478196143185	1.485423249218134e-40
0.01109174815262401	1.490605204275953e-40
0.01122018454301964	1.4959403063875047e-40
0.011350108156723155	1.5014307075189496e-40
0.01148153621496883	1.5070786725031357e-40
0.011614486138403426	1.5128865788622384e-40
0.011748975549395304	1.518856916752468e-40
0.01188502227437019	1.5249922890279918e-40
0.012022644346174132	1.5312954114214153e-40
0.012161860006463679	1.5377691128383323e-40
0.012302687708123811	1.5444163357636564e-40
0.012445146117713857	1.5512401367775959e-40
0.012589254117941675	1.5582436871793115e-40
0.012735030810166616	1.5654302737164525e-40
0.012882495516931335	1.572803299418913e-40
0.013031667784523	1.5803662845353077e-40
0.013182567385564075	1.5881228675708028e-40
0.01333521432163324	1.5960768064250828e-40
0.013489628825916533	1.604231979629359e-40
0.013645831365889252	1.6125923876814522e-40
0.013803842646028852	1.6211621544781272e-40
0.013963683610559377	1.6299455288439599e-40
0.01412537544622754	1.6389468861561347e-40
0.014288939585111037	1.6481707300646957e-40
0.01445439770745928	1.6576216943078828e-40
0.014621771744567183	1.6673045446222927e-40
0.014791083881682071	1.6772241807477018e-40
0.014962356560944343	1.6873856385265037e-40
0.015135612484362087	1.6977940920978082e-40
0.015310874616820304	1.7084548561863513e-40
0.01548816618912481	1.7193733884864546e-40
0.0156675107010815	1.7305552921413724e-40
0.01584893192461114	1.7420063183184512e-40
0.016032453906900418	1.7537323688806434e-40
0.0162181009735893	1.7657394991549526e-40
0.016405897731995387	1.7780339207985347e-40
0.016595869074375613	1.7906220047632268e-40
0.016788040181225608	1.8035102843593736e-40
0.016982436524617443	1.8167054584199175e-40
0.017179083871575875	1.8302143945657722e-40
0.017378008287493762	1.844044132573614e-40
0.01757923613958693	1.8582018878472825e-40
0.01778279410038923	1.872695054994091e-40
0.017988709151287873	1.8875312115073922e-40
0.018197008586099843	1.902718121556853e-40
0.018407720014689564	1.91826373988796e-40
0.018620871366628676	1.9341762158323714e-40
0.018836490894898	1.9504638974307855e-40
0.019054607179632484	1.9671353356700944e-40
0.019275249131909367	1.9841992888366637e-40
0.019498445997580455	2.001664726987681e-40
0.019724227361148535	2.0195408365425444e-40
0.01995262314968881	2.0378370249964016e-40
0.02018366363681562	2.0565629257579842e-40
0.020417379446695295	2.0757284031140096e-40
0.02065380155810529	2.0953435573224407e-40
0.02089296130854041	2.1154187298370453e-40
0.021134890398366475	2.1359645086657187e-40
0.021379620895022326	2.156991733865182e-40
0.0216271852372702	2.1785115031746727e-40
0.02187761623949552	2.2005351777914e-40
0.022130947096056387	2.2230743882905927e-40
0.0223872113856834	2.2461410406930387e-40
0.022646443075930594	2.2697473226831625e-40
0.022908676527677724	2.293905709980685e-40
0.023173946499684798	2.318628972869091e-40
0.023442288153199226	2.3439301828841583e-40
0.023713737056616554	2.369822719665948e-40
0.023988329190194897	2.3963202779776776e-40
0.024266100950824168	2.4234368748950926e-40
0.02454708915685031	2.4511868571699275e-40
0.024831331052955704	2.479584908771304e-40
0.025118864315095794	2.5086460586088293e-40
0.025409727055493065	2.5383856884414425e-40
0.025703957827688646	2.568819540975991e-40
0.026001595631652722	2.5999637281598037e-40
0.026302679918953815	2.631834739671462e-40
0.026607250597988113	2.664449451614198e-40
0.026915348039269166	2.6978251354164085e-40
0.027227013080779128	2.731979466943937e-40
0.02754228703338166	2.7669305358288037e-40
0.02786121168629772	2.802696855019289e-40
0.02818382931264455	2.8392973705563013e-40
0.028510182675039096	2.8767514715811835e-40
0.028840315031266057	2.915079000580124e-40
0.02917427014001166	2.954300263870578e-40
0.02951209226666387	2.9944360423351513e-40
0.029853826189179603	3.035507602408577e-40
0.03019951720402016	3.0775367073235762e-40
0.030549211132155123	3.120545628621443e-40
0.03090295432513592	3.1645571579334504e-40
0.03126079367123956	3.2095946190392116e-40
0.03162277660168379	3.255681880208417e-40
0.03198895109691397	3.302843366832339e-40
0.03235936569296284	3.3511040743518257e-40
0.03273406948788383	3.4004895814885464e-40
0.03311311214825911	3.4510260637864992e-40
0.03349654391578276	3.5027403074708736e-40
0.03388441561392028	3.555659723631601e-40
0.03427677865464505	3.609812362739055e-40
0.034673685045253165	3.6652269294995968e-40
0.03507518739525679	3.7219327980587564e-40
0.035481338923357565	3.779960027560112e-40
0.03589219346450054	3.839339378068041e-40
0.03630780547701014	3.900102326862842e-40
0.036728230049808464	3.962281085116724e-40
0.037153522909717275	4.025908614959559e-40
0.03758374042884443	4.091018646943357e-40
0.038018939632056124	4.157645697914783e-40
0.03845917820453535	4.225825089305072e-40
0.03890451449942805	4.295592965847067e-40
0.03935500754557776	4.3669863147292725e-40
0.039810717055349734	4.440042985197045e-40
0.04027170343254591	4.514801708611337e-40
0.04073802778041126	4.59130211897554e-40
0.04120975190973304	4.669584773941347e-40
0.04168693834703355	4.7496911763046895e-40
0.042169650342858224	4.831663796003276e-40
0.04265795188015926	4.915546092627145e-40
0.04315190768277655	5.001382538454402e-40
0.04365158322401661	5.089218642024102e-40
0.044157044735331254	5.179100972259e-40
0.0446683592150963	5.271077183150743e-40
0.04518559443749226	5.365196039020695e-40
0.04570881896148752	5.461507440369695e-40
0.04623810213992603	5.560062450330588e-40
0.046773514128719815	5.660913321737333e-40
0.04731512589614808	5.764113524825225e-40
0.04786300923226385	5.869717775576732e-40
0.04841723675840994	5.9777820647281746e-40
0.04897788193684462	6.088363687452402e-40
0.04954501908047906	6.2015212737333435e-40
0.05011872336272725	6.317314819448421e-40
0.050699070827470445	6.435805718175462e-40
0.05128613839913648	6.557056793740751e-40
0.0518800038928961	6.681132333525641e-40
0.052480746024977286	6.808098122549293e-40
0.053088444423098846	6.938021478345616e-40
0.05370317963702527	7.070971286652967e-40
0.05432503314924331	7.207018037935406e-40
0.05495408738576248	7.346233864754959e-40
0.05559042572704037	7.488692580014613e-40
0.05623413251903491	7.634469716092484e-40
0.05688529308438413	7.783642564887644e-40
0.05754399373371572	7.936290218799105e-40
0.05821032177708716	8.092493612659401e-40
0.0588843655355589	8.252335566645332e-40
0.059566214352901034	8.415900830188322e-40
0.06025595860743581	8.583276126907775e-40
0.060953689724016935	8.754550200591275e-40
0.06165950018614822	8.929813862246071e-40
0.06237348354824192	9.109160038246566e-40
0.06309573444801936	9.292683819603588e-40
0.0638263486190549	9.480482512381333e-40
0.06456542290346556	9.672655689288995e-40
0.06531305526474723	9.869305242474106e-40
0.06606934480075964	1.0070535437545838e-39
0.06683439175686148	1.0276452968856675e-39
0.06760829753919818	1.0487167016072126e-39
0.06839116472814293	1.0702789302057967e-39
0.06918309709189363	1.0923434152116157e-39
0.06998419960022738	1.1149218554600608e-39
0.0707945784384138	1.1380262222944874e-39
0.0716143410212902	1.1616687659134985e-39
0.07244359600749899	1.185862021866063e-39
0.07328245331389044	1.210618817697949e-39
0.07413102413009177	1.2359522797529668e-39
0.07498942093324558	1.261875840132663e-39
0.07585775750291836	1.2884032438181192e-39
0.07673614893618194	1.3155485559576497e-39
0.07762471166286919	1.3433261693242573e-39
0.07852356346100718	1.3717508119468185e-39
0.07943282347242814	1.4008375549190035e-39
0.08035261221856177	1.4306018203901225e-39
0.08128305161640995	1.461059389742082e-39
0.08222426499470713	1.4922264119568428e-39
0.08317637711026708	1.524119412178762e-39
0.08413951416451956	1.556755300476403e-39
0.08511380382023767	1.5901513808084124e-39
0.08609937521846008	1.6243253601982863e-39
0.08709635899560805	1.6592953581228097e-39
0.08810488730080146	1.6950799161192085e-39
0.08912509381337459	1.7316980076160688e-39
0.09015711376059571	1.769169047993276e-39
0.09120108393559097	1.8075129048762626e-39
0.09225714271547639	1.8467499086700555e-39
0.09332543007969915	1.8869008633386813e-39
0.09440608762859236	1.927987057435691e-39
0.09549925860214359	1.9700302753915912e-39
0.09660508789898131	2.0130528090642097e-39
0.09772372209558111	2.057077469558112e-39
0.0988553094656939	2.1021275993193136e-39
0.1	2.1482270845117387e-39
0.10115794542598983	2.1954003676819603e-39
0.10232929922807536	2.2436724607189258e-39
0.10351421666793431	2.2930689581155833e-39
0.10471285480509006	2.343616050539398e-39
0.10592537251772897	2.395340538718943e-39
0.10715193052376071	2.4482698476540323e-39
0.10839269140212039	2.5024320411567654e-39
0.1096478196143185	2.5578558367313194e-39
0.11091748152624009	2.6145706208003447e-39
0.1122018454301963	2.672606464286003e-39
0.11350108156723143	2.7319941385539698e-39
0.1148153621496884	2.7927651317288093e-39
0.11614486138403438	2.8549516653893317e-39
0.11748975549395303	2.9185867116529636e-39
0.1188502227437019	2.983704010657939e-39
0.12022644346174131	3.050338088452767e-39
0.12161860006463679	3.1185242753023905e-39
0.1230268770812381	3.1882987244207436e-39
0.12445146117713844	3.259698431139666e-39
0.12589254117941662	3.33276125252429e-39
0.12735030810166628	3.4075259274453805e-39
0.1288249551693135	3.4840320971191214e-39
0.13031667784523	3.5623203261254845e-39
0.13182567385564073	3.6424321239160576e-39
0.1333521432163324	3.724409966822899e-39
0.13489628825916533	3.80829732058004e-39
0.13645831365889238	3.894138663369603e-39
0.13803842646028838	3.981979509404698e-39
0.1396368361055939	4.071866433061678e-39
0.14125375446227553	4.163847093574421e-39
0.14288939585111038	4.257970260303973e-39
0.1445439770745928	4.354285838596635e-39
0.14621771744567183	4.452844896244464e-39
0.1479108388168207	4.5536996905620705e-39
0.1496235656094433	4.6569036960941394e-39
0.1513561248436207	4.7625116329683415e-39
0.1531087461682032	4.870579495908677e-39
0.15488166189124827	4.9811645839245445e-39
0.15667510701081502	5.094325530691541e-39
0.15848931924611143	5.210122335639726e-39
0.16032453906900418	5.32861639576615e-39
0.16218100973589297	5.4498705381883244e-39
0.16405897731995386	5.5739490534560085e-39
0.16595869074375597	5.700917729638897e-39
0.16788040181225589	5.830843887208321e-39
0.1698243652461746	5.963796414731486e-39
0.17179083871575893	6.09984580539698e-39
0.17378008287493762	6.239064194391361e-39
0.17579236139586932	6.381525397146079e-39
0.1778279410038923	6.527304948475409e-39
0.17988709151287874	6.676480142626018e-39
0.18197008586099825	6.829130074259395e-39
0.18407720014689544	6.985335680388876e-39
0.18620871366628694	7.145179783293562e-39
0.1883649089489802	7.308747134431644e-39
0.19054607179632482	7.476124459376954e-39
0.19275249131909367	7.647400503801866e-39
0.19498445997580455	7.822666080531465e-39
0.19724227361148533	8.002014117693708e-39
0.1995262314968879	8.185539707991154e-39
0.20183663636815596	8.373340159120337e-39
0.20417379446695316	8.565515045365685e-39
0.2065380155810531	8.762166260394929e-39
0.2089296130854041	8.963398071284713e-39
0.21134890398366477	9.169317173804232e-39
0.21379620895022325	9.380032748986759e-39
0.21627185237270202	9.595656521018902e-39
0.21877616239495518	9.816302816478223e-39
0.22130947096056364	1.0042088624950706e-38
0.22387211385683423	1.0273133661060225e-38
0.2264644307593062	1.0509560427942667e-38
0.22908676527677746	1.0751494282198936e-38
0.23173946499684797	1.0999063500360553e-38
0.23442288153199228	1.1252399346903588e-38
0.23713737056616552	1.1511636143846802e-38
0.239883291901949	1.1776911341971018e-38
0.24266100950824143	1.204836559369728e-38
0.24547089156850285	1.2326142827662673e-38
0.2483133105295573	1.2610390325033228e-38
0.25118864315095824	1.290125879759411e-38
0.25409727055493064	1.319890246765936e-38
0.25703957827688645	1.3503479149842378e-38
0.2600159563165272	1.3815150334731354e-38
0.26302679918953814	1.4134081274513741e-38
0.26607250597988086	1.4460441070595137e-38
0.2691534803926914	1.4794402763259095e-38
0.27227013080779155	1.5136143423415427e-38
0.2754228703338169	1.5485844246485309e-38
0.2786121168629772	1.5843690648473836e-38
0.2818382931264455	1.6209872364279823e-38
0.285101826750391	1.6584583548295827e-38
0.28840315031266056	1.696802287735132e-38
0.2917427014001166	1.7360393656053843e-38
0.2951209226666384	1.7761903924583747e-38
0.29853826189179633	1.8172766568999978e-38
0.30199517204020193	1.859319943411471e-38
0.3054921113215515	1.9023425438998064e-38
0.30902954325135923	1.9463672695172434e-38
0.31260793671239556	1.9914174627560277e-38
0.31622776601683794	2.0375170098249126e-38
0.3198895109691397	2.0846903533139448e-38
0.3235936569296281	2.1329625051542443e-38
0.32734069487883793	2.1823590598796627e-38
0.33113112148259144	2.2329062081973583e-38
0.33496543915782795	2.2846307508744119e-38
0.33884415613920277	2.337560112948006e-38
0.34276778654645046	2.3917223582665084e-38
0.34673685045253166	2.4471462043693e-38
0.35075187395256796	2.503861037713199e-38
0.3548133892335753	2.561896929253547e-38
0.358921934645005	2.6212846503882265e-38
0.36307805477010174	2.682055689273078e-38
0.36728230049808497	2.74424226751729e-38
0.3715352290971728	2.807877357267791e-38
0.3758374042884443	2.8729946986914686e-38
0.38018939632056126	2.9396288178646707e-38
0.38459178204535355	3.0078150450793853e-38
0.3890451449942805	3.077589533575828e-38
0.39355007545577725	3.148989278711368e-38
0.39810717055349776	3.2220521375759745e-38
0.40271703432545947	3.2968168490644877e-38
0.407380277804113	3.373323054416575e-38
0.4120975190973304	3.4516113182349904e-38
0.41686938347033553	3.531723149993474e-38
0.4216965034285822	3.6137010260456263e-38
0.42657951880159256	3.6975884121464316e-38
0.431519076827765	3.783429786498378e-38
0.43651583224016566	3.871270663334391e-38
0.44157044735331297	3.9611576170500893e-38
0.4466835921509635	4.053138306898098e-38
0.4518559443749226	4.147261502257691e-38
0.4570881896148752	4.243577108492916e-38
0.46238102139926035	4.3421361934130856e-38
0.4677351412871981	4.442991014349602e-38
0.4731512589614803	4.5461950458634984e-38
0.47863009232263803	4.651803008098346e-38
0.48417236758409987	4.759870895793626e-38
0.48977881936844664	4.870456007973803e-38
0.4954501908047905	4.983616978329137e-38
0.5011872336272725	5.099413806303972e-38
0.5069907082747045	5.217907888909255e-38
0.5128613839913648	5.339162053276028e-38
0.518800038928961	5.463240589967233e-38
0.5248074602497723	5.590209287065389e-38
0.530884444230989	5.720135465054354e-38
0.5370317963702532	5.853088012513424e-38
0.5432503314924336	5.989137422643121e-38
0.5495408738576248	6.128355830641519e-38
0.5559042572704037	6.27081705195131e-38
0.5623413251903491	6.416596621397731e-38
0.5688529308438414	6.565771833238121e-38
0.5754399373371566	6.718421782144364e-38
0.5821032177708709	6.87462740513993e-38
0.5888436553555896	7.034471524513788e-38
0.5956621435290109	7.198038891733756e-38
0.6025595860743581	7.36541623238303e-38
0.6095368972401694	7.536692292143124e-38
0.6165950018614822	7.711957883848032e-38
0.6237348354824191	7.891305935634384e-38
0.630957344480193	8.074831540213193e-38
0.6382634861905483	8.262632005289252e-38
0.6456542290346563	8.454806905155012e-38
0.653130552647473	8.651458133486048e-38
0.6606934480075964	8.852689957366644e-38
0.6683439175686149	9.058609072573428e-38
0.6760829753919819	9.269324660146961e-38
0.6839116472814293	9.484948444280914e-38
0.6918309709189363	9.705594751559752e-38
0.6998419960022731	9.9313805715762e-38
0.7079457843841388	1.016242561896069e-37
0.7161434102129027	1.0398852396855514e-37
0.7244359600749906	1.064078626186783e-37
0.7328245331389045	1.0888355490535235e-37
0.7413102413009177	1.1141691347339735e-37
0.7498942093324559	1.1400928154305906e-37
0.7585775750291835	1.1666203362220207e-37
0.7673614893618186	1.1937657623509208e-37
0.7762471166286912	1.2215434866815359e-37
0.7852356346100726	1.2499682373309938e-37
0.7943282347242822	1.2790550854783234e-37
0.8035261221856177	1.308819453355429e-37
0.8128305161640995	1.3392771224241355e-37
0.8222426499470712	1.3704442417437393e-37
0.8317637711026709	1.4023373365334477e-37
0.8413951416451948	1.4349733169342757e-37
0.8511380382023759	1.4683694869750167e-37
0.8609937521846016	1.5025435537470849e-37
0.8709635899560815	1.5375136367930188e-37
0.8810488730080147	1.5732982777137378e-37
0.8912509381337459	1.6099164499995236e-37
0.9015711376059571	1.6473875690900212e-37
0.9120108393559097	1.6857315026685618e-37
0.9225714271547628	1.7249685811962705e-37
0.9332543007969905	1.765119608691546e-37
0.9440608762859245	1.8062058737606359e-37
0.9549925860214369	1.848249160885107e-37
0.9660508789898141	1.8912717619723078e-37
0.9772372209558111	1.9352964881748062e-37
0.9885530946569391	1.9803466819851707e-37
1.	2.02644622961247e-37