5	3.998800090000001e-40
5.0115	3.78769444e-40
5.0231	3.58799364e-40
5.0347	3.3992296899999995e-40
5.0463	3.22058916e-40
5.0579	3.05165961e-40
5.0696	2.8917002500000006e-40
5.0813	2.7406802500000003e-40
5.093	2.5975768899999998e-40
5.1047	2.46207481e-40
5.1165	2.33386729e-40
5.1283	2.21265625e-40
5.1401	2.0978625599999995e-40
5.152	1.9892281599999996e-40
5.1639	1.8862275600000003e-40
5.1758	1.78890625e-40
5.1877	1.69676676e-40
5.1997	1.6093459599999998e-40
5.2117	1.52646025e-40
5.2237	1.44817156e-40
5.2357	1.37405284e-40
5.2478	1.30370724e-40
5.2599	1.23698884e-40
5.272	1.1739722500000001e-40
5.2842	1.1140802500000002e-40
5.2964	1.05740089e-40
5.3086	1.0036032400000002e-40
5.3208	9.527126449e-41
5.3331	9.044580609e-41
5.3454	8.586987556000001e-41
5.3577	8.153187025e-41
5.3701	7.741888144e-41
5.3825	7.352033535999999e-41
5.3949	6.982106480999999e-41
5.4073	6.631496356e-41
5.4198	6.298803224999999e-41
5.4323	5.983331904000001e-41
5.4448	5.684104448999999e-41
5.4574	5.400339169000001e-41
5.4699	5.131000160999999e-41
5.4826	4.875390975999999e-41
5.4952	4.632980356e-41
5.5079	4.4028533160000005e-41
5.5206	4.1845373440000004e-41
5.5333	3.9773203559999995e-41
5.5461	3.7806511689999996e-41
5.5589	3.5940025e-41
5.5717	3.416753209e-41
5.5845	3.2485440160000003e-41
5.5974	3.088802929e-41
5.6103	2.9370980250000003e-41
5.6232	2.7931224999999995e-41
5.6362	2.6563715999999996e-41
5.6492	2.526469696e-41
5.6622	2.4031564840000004e-41
5.6753	2.2859873440000002e-41
5.6884	2.1747299560000003e-41
5.7015	2.0689761959999997e-41
5.7146	1.968608161e-41
5.7278	1.8731584000000001e-41
5.741	1.7825284000000002e-41
5.7543	1.696368969e-41
5.7675	1.6145127609999998e-41
5.7808	1.536718401e-41
5.7942	1.462756516e-41
5.8075	1.3924838559999999e-41
5.8209	1.3256881e-41
5.8343	1.2622387839999999e-41
5.8478	1.2018702239999998e-41
5.8613	1.1444689e-41
5.8748	1.0899241960000001e-41
5.8884	1.037999524e-41
5.9019	9.88662249e-42
5.9155	9.417533440000001e-42
5.9292	8.97182209e-42
5.9429	8.54743696e-42
5.9566	8.14360369e-42
5.9703	7.759567359999999e-42
5.9841	7.394592489999999e-42
5.9979	7.046901159999999e-42
6.0117	6.71639056e-42
6.0256	6.401912039999999e-42
6.0394	6.102382089999999e-42
6.0534	5.817744e-42
6.0673	5.5464960100000005e-42
6.0813	5.28862009e-42
6.0954	5.0431684899999996e-42
6.1094	4.80968761e-42
6.1235	4.5873072400000005e-42
6.1376	4.37520889e-42
6.1518	4.1738489999999997e-42
6.166	3.98202025e-42
6.1802	3.79899081e-42
6.1944	3.6252160000000004e-42
6.2087	3.4596e-42
6.223	3.301489e-42
6.2374	3.1513350399999995e-42
6.2518	3.00814336e-42
6.2662	2.87200809e-42
6.2806	2.74200481e-42
6.2951	2.6182476099999998e-42
6.3096	2.50019344e-42
6.3242	2.38795209e-42
6.3388	2.28100609e-42
6.3534	2.1791664399999998e-42
6.368	2.0819604099999998e-42
6.3827	1.9892281599999997e-42
6.3974	1.90108944e-42
6.4122	1.8168344099999996e-42
6.427	1.7365968400000003e-42
6.4418	1.6602322499999997e-42
6.4566	1.58734801e-42
6.4715	1.5178239999999998e-42
6.4865	1.4515430400000003e-42
6.5014	1.3883908899999998e-42
6.5164	1.3280257599999999e-42
6.5314	1.2705798400000001e-42
6.5465	1.21594729e-42
6.5616	1.16359369e-42
6.5767	1.1136580900000001e-42
6.5919	1.0662627600000002e-42
6.6071	1.0207060899999999e-42
6.6223	9.774881424000002e-43
6.6376	9.361723536000001e-43
6.6529	8.967521808999999e-43
6.6682	8.591250721000001e-43
6.6836	8.232295823999998e-43
6.699	7.889525329e-43
6.7145	7.562389443999999e-43
6.73	7.250181904000002e-43
6.7455	6.951890884e-43
6.761	6.667375716e-43
6.7766	6.395520783999999e-43
6.7923	6.135902223999999e-43
6.8079	5.888106756e-43
6.8236	5.651280625e-43
6.8394	5.425206336e-43
6.8551	5.209086276e-43
6.8709	5.0027329e-43
6.8868	4.805678329e-43
6.9027	4.617202500000001e-43
6.9186	4.4371585439999996e-43
6.9345	4.265134864e-43
6.9505	4.1007373690000006e-43
6.9666	3.943588804e-43
6.9826	3.793328099999999e-43
6.9987	3.649609744e-43
7.0149	3.512340225e-43
7.031	3.3809573159999993e-43
7.0473	3.255387136e-43
7.0635	3.1353280359999994e-43
7.0798	3.0203817640000005e-43
7.0961	2.910494601e-43
7.1125	2.8053971559999998e-43
7.1289	2.7047280490000006e-43
7.1453	2.608451329e-43
7.1618	2.516326569e-43
7.1783	2.428222729e-43
7.1949	2.3438185690000005e-43
7.2115	2.2630000410000004e-43
7.2281	2.185656001e-43
7.2448	2.1115863039999996e-43
7.2615	2.0405999289999996e-43
7.2782	1.972692225e-43
7.295	1.907592976e-43
7.3118	1.8453038489999998e-43
7.3287	1.7855695360000001e-43
7.3456	1.728314329e-43
7.3625	1.673464464e-43
7.3795	1.620948121e-43
7.3965	1.5705369000000001e-43
7.4136	1.5222482559999999e-43
7.4307	1.475942724e-43
7.4478	1.4315628959999998e-43
7.465	1.388978361e-43
7.4822	1.348138089e-43
7.4994	1.3089924e-43
7.5167	1.271350336e-43
7.5341	1.235311609e-43
7.5514	1.200691801e-43
7.5689	1.1675205609999998e-43
7.5863	1.135622601e-43
7.6038	1.105030564e-43
7.6213	1.075643209e-43
7.6389	1.0474932249999999e-43
7.6565	1.020355249e-43
7.6742	9.94393156e-44
7.6919	9.69388225e-44
7.7096	9.45378009e-44
7.7274	9.223369e-44
7.7452	9.00240016e-44
7.7631	8.78944609e-44
7.781	8.584900000000001e-44
7.7989	8.38855369e-44
7.8169	8.199632250000001e-44
7.8349	8.017958559999998e-44
7.853	7.843920489999999e-44
7.8711	7.676224360000001e-44
7.8893	7.51472569e-44
7.9074	7.359826409999999e-44
7.9257	7.210836089999999e-44
7.944	7.068153960000001e-44
7.9623	6.930582759999999e-44
7.9806	6.79801329e-44
7.999	6.670855839999999e-44
8.0175	6.54899281e-44
8.036	6.431803209999999e-44
8.0545	6.318687690000001e-44
8.0731	6.210562409999999e-44
8.0917	6.106829440000001e-44
8.1104	6.006910810000001e-44
8.1291	5.91073344e-44
8.1478	5.81919129e-44
8.1666	5.73075721e-44
8.1854	5.646326439999999e-44
8.2043	5.56535281e-44
8.2232	5.487774759999999e-44
8.2422	5.413998240000001e-44
8.2612	5.343032250000001e-44
8.2802	5.275290240000001e-44
8.2993	5.210719290000001e-44
8.3185	5.149268640000001e-44
8.3377	5.09088969e-44
8.3569	5.035536e-44
8.3762	4.982716840000001e-44
8.3955	4.932841e-44
8.4148	4.88586816e-44
8.4342	4.841760159999999e-44
8.4537	4.800481e-44
8.4732	4.761996839999999e-44
8.4927	4.726275999999999e-44
8.5123	4.69328896e-44
8.5319	4.663008360000001e-44
8.5516	4.635839610000001e-44
8.5713	4.61132676e-44
8.5911	4.589449289999999e-44
8.6109	4.571044e-44
8.6308	4.555236490000001e-44
8.6507	4.542865960000001e-44
8.6706	4.533492640000001e-44
8.6906	4.527532839999999e-44
8.7106	4.52497984e-44
8.7307	4.52583076e-44
8.7509	4.530512249999999e-44
8.771	4.53903025e-44
8.7913	4.55182225e-44
8.8115	4.56890625e-44
8.8319	4.59073476e-44
8.8522	4.61777121e-44
8.8726	4.650060959999999e-44
8.8931	4.68765801e-44
8.9136	4.73193009e-44
8.9342	4.782969e-44
8.9548	4.841320090000001e-44
8.9754	4.90799716e-44
8.9961	4.98316329e-44
9.0169	5.06835169e-44
9.0377	5.164710760000001e-44
9.0585	5.27299369e-44
9.0794	5.394935290000001e-44
9.1003	5.53237441e-44
9.1213	5.68727104e-44
9.1423	5.861725210000001e-44
9.1634	6.058982250000001e-44
9.1846	6.282542250000001e-44
9.2057	6.536203559999999e-44
9.227	6.825156249999999e-44
9.2482	7.155625e-44
9.2696	7.53557401e-44
9.2909	7.973846440000001e-44
9.3124	8.483238760000001e-44
9.3338	9.07877161e-44
9.3554	9.780630759999998e-44
9.3769	1.061521561e-43
9.3986	1.1617190560000001e-43
9.4202	1.2835022759999999e-43
9.442	1.4333795999999998e-43
9.4637	1.6208676e-43
9.4856	1.859679376e-43
9.5074	2.1706280999999994e-43
9.5294	2.586434449e-43
9.5513	3.160463524e-43
9.5734	3.986028225e-43
9.5954	5.2374169e-43
9.6176	7.271996175999999e-43
9.6397	1.0924430399999998e-42
9.662	1.85395456e-42
9.6842	3.9053664399999994e-42
9.7066	1.3523270760000002e-41
9.729	9.40526224e-40
9.7514	2.2370062090000003e-41
9.7739	4.73323536e-42
9.7964	1.97571136e-42
9.819	1.0710180100000001e-42
9.8417	6.680773696e-43
9.8643	4.550716681e-43
9.8871	3.2938416639999996e-43
9.9099	2.4927053290000005e-43
9.9327	1.952137489e-43
9.9557	1.571012496e-43
9.9786	1.292762025e-43
10.002	1.083660561e-43
10.025	9.227621289999999e-44
10.048	7.96537729e-44
10.071	6.95640625e-44
10.094	6.138997290000001e-44
10.117	5.46764689e-44
10.141	4.909769640000001e-44
10.164	4.4411347599999994e-44
10.188	4.0441210000000005e-44
10.211	3.7048550399999995e-44
10.235	3.4125172899999995e-44
10.258	3.1587952899999997e-44
10.282	2.93745321e-44
10.306	2.74299844e-44
10.329	2.57121225e-44
10.353	2.41864704e-44
10.377	2.28251664e-44
10.401	2.16060601e-44
10.425	2.0506239999999997e-44
10.449	1.95132961e-44
10.473	1.8613144899999998e-44
10.497	1.77928921e-44
10.522	1.7045913600000002e-44
10.546	1.6358410000000002e-44
10.57	1.5727668100000002e-44
10.594	1.5143763600000001e-44
10.619	1.4604722500000003e-44
10.643	1.4106312900000002e-44
10.668	1.3639904099999998e-44
10.693	1.32066064e-44
10.717	1.2802922499999998e-44
10.742	1.24233316e-44
10.767	1.2069219599999997e-44
10.791	1.17332224e-44
10.816	1.1419059600000003e-44
10.841	1.11197025e-44
10.866	1.08388921e-44
10.891	1.05719524e-44
10.916	1.0318496399999999e-44
10.942	1.00781521e-44
10.967	9.848974564e-45
10.992	9.630281956e-45
11.018	9.421420096000001e-45
11.043	9.2217609e-45
11.068	9.030510840999999e-45
11.094	8.8472836e-45
11.12	8.6713344e-45
11.145	8.502130849e-45
11.171	8.3393424e-45
11.197	8.182649764e-45
11.222	8.031565161e-45
11.248	7.885795203999999e-45
11.274	7.744880024999999e-45
11.3	7.608723984e-45
11.326	7.476887961e-45
11.352	7.349289984e-45
11.379	7.225680015999999e-45
11.405	7.105815616e-45
11.431	6.989294403999999e-45
11.458	6.876223929e-45
11.484	6.766378563999999e-45
11.51	6.659539236e-45
11.537	6.555493156e-45
11.564	6.454354921e-45
11.59	6.355597284e-45
11.617	6.259499689e-45
11.644	6.165861529e-45
11.671	6.074331843999999e-45
11.697	5.985188496e-45
11.724	5.897932804e-45
11.752	5.812842564000001e-45
11.779	5.729581636e-45
11.806	5.648274025e-45
11.833	5.568741376e-45
11.86	5.4909582009999996e-45
11.888	5.4147522249999993e-45
11.915	5.340101776e-45
11.943	5.267130624999999e-45
11.97	5.1955264e-45
11.998	5.1254144640000007e-45
12.025	5.0567743210000003e-45
12.053	4.989444496e-45
12.081	4.923267556e-45
12.109	4.858508208999999e-45
12.137	4.795008516e-45
12.165	4.732614436e-45
12.193	4.671312409e-45
12.221	4.6112248360000005e-45
12.249	4.552200900000001e-45
12.277	4.494227520999999e-45
12.306	4.4371585439999995e-45
12.334	4.3812484809999994e-45
12.362	4.3262190760000006e-45
12.391	4.272191044e-45
12.419	4.219152024999999e-45
12.448	4.1668316010000004e-45
12.477	4.1154791039999996e-45
12.506	4.0649550489999994e-45
12.534	4.015376689e-45
12.563	3.9664804e-45
12.592	3.918384409e-45
12.621	3.8710795239999994e-45
12.65	3.8245566489999997e-45
12.68	3.778683841e-45
12.709	3.733576609e-45
12.738	3.6892261209999994e-45
12.767	3.645502884000001e-45
12.797	3.6024004000000005e-45
12.826	3.5600315560000006e-45
12.856	3.518269225e-45
12.886	3.477225024e-45
12.915	3.436656129e-45
12.945	3.396791524e-45
12.975	3.357507136000001e-45
13.005	3.318796881e-45
13.035	3.280540176e-45
13.065	3.2429608090000007e-45
13.095	3.2059376409999995e-45
13.125	3.1693522089999996e-45
13.156	3.133312576e-45
13.186	3.0978129639999995e-45
13.216	3.062847649e-45
13.247	3.0283009e-45
13.277	2.9942783999999996e-45
13.308	2.960774569e-45
13.339	2.927675664000001e-45
13.369	2.8950856360000006e-45
13.4	2.8628920359999995e-45
13.431	2.8310912639999996e-45
13.462	2.7997855689999998e-45
13.493	2.7689696409999997e-45
13.524	2.7384289e-45
13.555	2.7083697640000003e-45
13.587	2.6786835360000003e-45
13.618	2.649469729e-45
13.649	2.620620864e-45
13.681	2.592031744e-45
13.712	2.564004496e-45
13.744	2.536230321e-45
13.776	2.508807744e-45
13.808	2.481733489e-45
13.839	2.455103401e-45
13.871	2.428715524e-45
13.903	2.402764324e-45
13.935	2.3770500249999997e-45
13.968	2.3516680360000002e-45
14	2.326615225e-45
14.032	2.3019844409999997e-45
14.064	2.277580176e-45
14.097	2.253495841e-45
14.129	2.229633961e-45
14.162	2.2061809e-45
14.195	2.1829452839999996e-45
14.227	2.160018576e-45
14.26	2.1373978240000003e-45
14.293	2.1150801e-45
14.326	2.0929710010000002e-45
14.359	2.0711601000000002e-45
14.392	2.049644529e-45
14.425	2.028331369e-45
14.459	2.007308809e-45
14.492	1.986574041e-45
14.525	1.9660356e-45
14.559	1.9456921000000002e-45
14.592	1.9257176889999997e-45
14.626	1.9059336489999998e-45
14.66	1.886338624e-45
14.694	1.867017681e-45
14.727	1.847882169e-45
14.761	1.8290162890000002e-45
14.795	1.810417401e-45
14.83	1.7919982240000003e-45
14.864	1.773757456e-45
14.898	1.755777604e-45
14.932	1.737972721e-45
14.967	1.7203415289999997e-45
15.001	1.7029652890000002e-45
15.036	1.685759364e-45
15.071	1.668804201e-45
15.105	1.652016025e-45
15.14	1.6353936e-45
15.175	1.6190161689999998e-45
15.21	1.602801225e-45
15.245	1.586747556e-45
15.28	1.570933225e-45
15.316	1.555198096e-45
15.351	1.539699121e-45
15.386	1.5244339360000002e-45
15.422	1.509244801e-45
15.457	1.494286336e-45
15.493	1.479479296e-45
15.529	1.464822529e-45
15.564	1.450314889e-45
15.6	1.4360310250000002e-45
15.636	1.4218932640000002e-45
15.672	1.407900484e-45
15.709	1.3940515690000001e-45
15.745	1.3803454089999998e-45
15.781	1.3667808999999998e-45
15.817	1.353356944e-45
15.854	1.3401456640000002e-45
15.89	1.3270720410000001e-45
15.927	1.3140625000000002e-45
15.964	1.3012613290000002e-45
16.001	1.288594609e-45
16.038	1.276061284e-45
16.075	1.263660304e-45
16.112	1.251390625e-45
16.149	1.2392512089999999e-45
16.186	1.227241024e-45
16.223	1.2153590439999998e-45
16.261	1.203604249e-45
16.298	1.191975625e-45
16.336	1.180472164e-45
16.374	1.169092864e-45
16.411	1.157904784e-45
16.449	1.146770496e-45
16.487	1.1357574010000001e-45
16.525	1.1248645210000002e-45
16.563	1.114090884e-45
16.601	1.1033690889999998e-45
16.64	1.092831364e-45
16.678	1.08241e-45
16.716	1.072104049e-45
16.755	1.0618473959999998e-45
16.794	1.0517697610000001e-45
16.832	1.041740176e-45
16.871	1.0318228840000002e-45
16.91	1.022016961e-45
16.949	1.012385124e-45
16.988	1.0027355560000002e-45
17.027	9.932582559999998e-46
17.067	9.838886889999999e-46
17.106	9.745635239999998e-46
17.145	9.654070409999998e-46
17.185	9.562937760000002e-46
17.225	9.47285284e-46
17.264	9.38380689e-46
17.304	9.29518144e-46
17.344	9.20819025e-46
17.384	9.12160804e-46
17.424	9.036036e-46
17.464	8.95146561e-46
17.505	8.867888409999999e-46
17.545	8.785296e-46
17.585	8.703090010000001e-46
17.626	8.62185769e-46
17.667	8.54159076e-46
17.707	8.461699209999998e-46
17.748	8.38334116e-46
17.789	8.30534761e-46
17.83	8.22829225e-46
17.871	8.15159601e-46
17.912	8.07639561e-46
17.954	8.001543689999999e-46
17.995	7.927603360000002e-46
18.037	7.85400625e-46
18.078	7.781868160000002e-46
18.12	7.71006289e-46
18.162	7.638590440000002e-46
18.204	7.56855121e-46
18.246	7.498834559999998e-46
18.288	7.429985639999999e-46
18.33	7.361454239999999e-46
18.372	7.293780490000002e-46
18.414	7.226956889999999e-46
18.457	7.160976000000002e-46
18.499	7.09529769e-46
18.542	7.030452250000001e-46
18.585	6.96643236e-46
18.628	6.90270529e-46
18.671	6.839794090000001e-46
18.714	6.77769156e-46
18.757	6.7158722499999995e-46
18.8	6.654852090000001e-46
18.844	6.59411041e-46
18.887	6.53415844e-46
18.931	6.47498916e-46
18.974	6.41659561e-46
19.018	6.3584665599999994e-46
19.062	6.30060201e-46
19.106	6.24400144e-46
19.15	6.18765625e-46
19.194	6.1315664399999996e-46
19.238	6.0762249999999996e-46
19.283	6.02162521e-46
19.327	5.96727184e-46
19.372	5.913651240000001e-46
19.416	5.860756809999999e-46
19.461	5.8081e-46
19.506	5.7561606400000006e-46
19.551	5.70445456e-46
19.596	5.65345729e-46
19.641	5.602689e-46
19.686	5.55262096e-46
19.732	5.5032468099999995e-46
19.777	5.45409316e-46
19.823	5.405625e-46
19.869	5.3573731600000006e-46
19.915	5.30979849e-46
19.96	5.262435999999999e-46
20.006	5.215742440000001e-46
20.053	5.16971169e-46
20.099	5.12388496e-46
20.145	5.0782622499999995e-46
20.192	5.033292249999999e-46
20.238	4.988968960000001e-46
20.285	4.9448416900000006e-46
20.332	4.9013532100000006e-46
20.379	4.8580568100000006e-46
20.426	4.8149524900000005e-46
20.473	4.77291409e-46
20.52	4.730625e-46
20.567	4.689390249999999e-46
20.615	4.647904809999999e-46
20.662	4.6074622499999996e-46
20.71	4.56719641e-46
20.758	4.527107290000001e-46
20.805	4.487618559999999e-46
20.853	4.4483028099999995e-46
20.901	4.40958001e-46
20.95	4.371026489999999e-46
20.998	4.33305856e-46
21.046	4.29525625e-46
21.095	4.25761956e-46
21.144	4.22097025e-46
21.192	4.1840702499999995e-46
21.241	4.14773956e-46
21.29	4.11197284e-46
21.339	4.0763610000000004e-46
21.389	4.04130609e-46
21.438	4.0060022499999995e-46
21.487	3.9716504100000004e-46
21.537	3.93744649e-46
21.586	3.90339049e-46
21.636	3.8698758399999994e-46
21.686	3.8365056900000005e-46
21.736	3.80367009e-46
21.786	3.77097561e-46
21.837	3.7388089599999996e-46
21.887	3.70678009e-46
21.937	3.674889e-46
21.988	3.64351744e-46
22.039	3.612280359999999e-46
22.089	3.5815562499999995e-46
22.14	3.55096336e-46
22.191	3.52087696e-46
22.243	3.4909185599999996e-46
22.294	3.4610881599999998e-46
22.345	3.43175625e-46
22.397	3.4025491600000003e-46
22.449	3.3738342400000004e-46
22.5	3.3452409999999995e-46
22.552	3.31713369e-46
22.604	3.28914496e-46
22.656	3.2612748100000003e-46
22.709	3.2338828899999995e-46
22.761	3.20660649e-46
22.813	3.17944561e-46
22.866	3.1527553599999996e-46
22.919	3.12617761e-46
22.972	3.1000644900000005e-46
23.025	3.0740608899999997e-46
23.078	3.0485160000000004e-46
23.131	3.02272996e-46
23.184	2.9977459600000004e-46
23.238	2.97252081e-46
23.291	2.9477456099999997e-46
23.345	2.9234160400000003e-46
23.399	2.8988467599999997e-46
23.453	2.8750593600000005e-46
23.507	2.85103225e-46
23.561	2.82744225e-46
23.615	2.8039502500000004e-46
23.67	2.78088976e-46
23.724	2.75792449e-46
23.779	2.7350544399999998e-46
23.834	2.7126089999999994e-46
23.889	2.6902560400000002e-46
23.944	2.6679955600000003e-46
23.999	2.64615289e-46
24.055	2.6243999999999998e-46
24.11	2.6027368899999997e-46
24.166	2.58148489e-46
24.221	2.56032001e-46
24.277	2.5395609599999996e-46
24.333	2.5188864099999998e-46
24.389	2.4982963599999997e-46
24.446	2.4777908099999996e-46
24.502	2.45768329e-46
24.558	2.4376576899999997e-46
24.615	2.418025e-46
24.672	2.39847169e-46
24.729	2.37899776e-46
24.786	2.3599104400000003e-46
24.843	2.3405940100000004e-46
24.9	2.3219664399999996e-46
24.958	2.30310976e-46
25.015	2.2846322500000002e-46
25.073	2.2662291600000004e-46
25.131	2.24790049e-46
25.189	2.22994489e-46
25.247	2.21206129e-46
25.305	2.1945459599999995e-46
25.363	2.17680516e-46
25.422	2.1594302500000004e-46
25.48	2.1424176899999996e-46
25.539	2.12518084e-46
25.598	2.1083039999999996e-46
25.657	2.09178369e-46
25.716	2.0750402500000004e-46
25.776	2.05865104e-46
25.835	2.0423268100000004e-46
25.895	2.02635225e-46
25.954	2.0101568400000003e-46
26.014	1.99430884e-46
26.074	1.9788048899999995e-46
26.134	1.9630812100000002e-46
26.194	1.94769936e-46
26.255	1.9323780100000003e-46
26.315	1.91739409e-46
26.376	1.90246849e-46
26.437	1.8876012100000005e-46
26.498	1.8727922500000002e-46
26.559	1.85831424e-46
26.62	1.8438924099999996e-46
26.682	1.8295267600000003e-46
26.743	1.81521729e-46
26.805	1.80123241e-46
26.867	1.78730161e-46
26.929	1.7734248900000004e-46
26.991	1.7598675600000004e-46
27.053	1.7463622500000001e-46
27.115	1.73290896e-46
27.178	1.71950769e-46
27.241	1.7064196899999998e-46
27.303	1.6933816899999998e-46
27.366	1.68039369e-46
27.429	1.66745569e-46
27.493	1.65482496e-46
27.556	1.64224225e-46
27.62	1.6297075600000001e-46
27.683	1.61747524e-46
27.747	1.6050356100000001e-46
27.811	1.59289641e-46
27.875	1.5810547599999998e-46
27.94	1.5690067599999998e-46
28.004	1.55725441e-46
28.069	1.54554624e-46
28.133	1.53388225e-46
28.198	1.5222624400000001e-46
28.263	1.5109326399999999e-46
28.328	1.49964516e-46
28.394	1.4884000000000003e-46
28.459	1.47744025e-46
28.525	1.46627881e-46
28.591	1.45540096e-46
28.656	1.444804e-46
28.723	1.4340062499999999e-46
28.789	1.42348761e-46
28.855	1.41300769e-46
28.922	1.4025664899999998e-46
28.988	1.39216401e-46
29.055	1.3820353599999999e-46
29.122	1.3717094400000001e-46
29.189	1.36165561e-46
29.257	1.35187129e-46
29.324	1.3418905599999998e-46
29.392	1.3321776399999998e-46
29.46	1.3225e-46
29.528	1.3128576400000001e-46
29.596	1.30325056e-46
29.664	1.29390625e-46
29.732	1.28459556e-46
29.801	1.2753184899999999e-46
29.87	1.26607504e-46
29.938	1.25708944e-46
30.007	1.24791241e-46
30.077	1.23899161e-46
30.146	1.23010281e-46
30.216	1.22146704e-46
30.285	1.2126414400000001e-46
30.355	1.2040672900000002e-46
30.425	1.1955235599999998e-46
30.495	1.18701025e-46
30.566	1.17874449e-46
30.636	1.17029124e-46
30.707	1.162084e-46
30.777	1.15390564e-46
30.848	1.1457561600000001e-46
30.92	1.13784889e-46
30.991	1.1297564100000001e-46
31.062	1.1219046399999998e-46
31.134	1.11408025e-46
31.206	1.1062832400000001e-46
31.278	1.09872324e-46
31.35	1.09098025e-46
31.422	1.08347281e-46
31.495	1.0759912899999999e-46
31.567	1.0685356900000001e-46
31.64	1.0613120399999999e-46
31.713	1.0539075600000001e-46
31.786	1.04673361e-46
31.859	1.03958416e-46
31.933	1.0324592099999998e-46
32.007	1.02535876e-46
32.08	1.01848464e-46
32.154	1.01143249e-46
32.228	1.00460529e-46
32.303	9.978811235999998e-47
32.377	9.911397136e-47
32.452	9.844806841e-47
32.527	9.778638769e-47
32.602	9.712890916e-47
32.677	9.647954176e-47
32.752	9.583626816e-47
32.828	9.519709761e-47
32.904	9.456395536e-47
32.979	9.3934864e-47
33.055	9.331366801e-47
33.132	9.269645841000001e-47
33.208	9.208513520999999e-47
33.285	9.147774736000002e-47
33.361	9.0878089e-47
33.438	9.028230289e-47
33.515	8.969037025e-47
33.593	8.910604815999999e-47
33.67	8.852551744e-47
33.748	8.795063523999999e-47
33.826	8.737949529e-47
33.904	8.681394276e-47
33.982	8.625394129000001e-47
34.06	8.569760329e-47
34.139	8.514675624999999e-47
34.218	8.460136441e-47
34.296	8.405955855999999e-47
34.376	8.3521321e-47
34.455	8.299027801000001e-47
34.534	8.246274481e-47
34.614	8.193870400000001e-47
34.694	8.141994289e-47
34.774	8.090642704000002e-47
34.854	8.039632895999999e-47
34.934	7.989141923999999e-47
35.015	7.938988201000001e-47
35.096	7.889347683999999e-47
35.176	7.840039936e-47
35.258	7.791239823999999e-47
35.339	7.742768049000001e-47
35.42	7.694798399999999e-47
35.502	7.647152703999999e-47
35.584	7.600003684000001e-47
35.666	7.553174280999999e-47
35.748	7.506836164e-47
35.831	7.460813376e-47
35.913	7.415276544000001e-47
35.996	7.370050800999999e-47
36.079	7.325134569e-47
36.162	7.280696928999999e-47
36.246	7.236734761e-47
36.329	7.192905720999999e-47
36.413	7.149717136000001e-47
36.497	7.106658601000001e-47
36.581	7.064066304e-47
36.666	7.021769616000001e-47
36.75	6.979934116e-47
36.835	6.938390208999999e-47
36.92	6.897136401000001e-47
37.005	6.856336809000001e-47
37.09	6.815823364000001e-47
37.176	6.775759225000001e-47
37.262	6.735977329000001e-47
37.347	6.696476224e-47
37.434	6.657254464e-47
37.52	6.618473316000001e-47
37.606	6.579967689e-47
37.693	6.541736161000001e-47
37.78	6.5039386090000005e-47
37.867	6.466411395999999e-47
37.955	6.429153124000001e-47
38.042	6.392322303999999e-47
38.13	6.355597283999999e-47
38.218	6.319296035999999e-47
38.306	6.283415824e-47
38.394	6.247637764000001e-47
38.483	6.212277124000001e-47
38.571	6.177174025000001e-47
38.66	6.142327129e-47
38.75	6.107735104000001e-47
38.839	6.073552488999999e-47
38.928	6.039621225000001e-47
39.018	6.005940004e-47
39.108	5.972507524e-47
39.198	5.939322489e-47
39.289	5.906537316e-47
39.379	5.873842881e-47
39.47	5.8415448999999995e-47
39.561	5.8094884e-47
39.652	5.777824144e-47
39.744	5.746246416000001e-47
39.836	5.714906409e-47
39.927	5.683953664000002e-47
40.019	5.653235344e-47
40.112	5.622750225e-47
40.204	5.592497089e-47
40.297	5.562474723999999e-47
40.39	5.532681924e-47
40.483	5.5031174890000005e-47
40.576	5.473928196000001e-47
40.67	5.444816521000001e-47
40.764	5.416076836e-47
40.858	5.387413200999999e-47
40.952	5.359118435999999e-47
41.046	5.331044196e-47
41.141	5.303043683999999e-47
41.236	5.275407423999999e-47
41.331	5.247988249e-47
41.426	5.220785025000001e-47
41.522	5.193796624000001e-47
41.618	5.167021924000001e-47
41.714	5.140459809e-47
41.81	5.114109168999999e-47
41.906	5.0879689e-47
42.003	5.062037904e-47
42.1	5.036315089e-47
42.197	5.010799369e-47
42.294	4.985489664000001e-47
42.392	4.9603849e-47
42.489	4.935484009e-47
42.587	4.910785929e-47
42.686	4.886289604e-47
42.784	4.861993983999999e-47
42.883	4.837898025e-47
42.981	4.814000689e-47
43.081	4.790300944000001e-47
43.18	4.766659680999999e-47
43.28	4.743352384e-47
43.379	4.720102209e-47
43.479	4.697183296000001e-47
43.58	4.674320161e-47
43.68	4.651649209e-47
43.781	4.629305520999999e-47
43.882	4.607015625000001e-47
43.983	4.584914944e-47
44.084	4.563002500000001e-47
44.186	4.541142543999999e-47
44.288	4.519603984e-47
44.39	4.498250760999999e-47
44.492	4.476948100000001e-47
44.595	4.455829504e-47
44.698	4.434894024999999e-47
44.801	4.414140721e-47
44.904	4.393568656e-47
45.008	4.3731769e-47
45.112	4.3529645290000003e-47
45.216	4.3327989759999997e-47
45.32	4.3128115839999996e-47
45.424	4.2930014410000006e-47
45.529	4.273367641e-47
45.634	4.2539092839999997e-47
45.739	4.2344953289999997e-47
45.845	4.215255625e-47
45.951	4.196318841e-47
46.057	4.177295424e-47
46.163	4.158573169e-47
46.269	4.1400216489999995e-47
46.376	4.121511601e-47
46.483	4.103171136e-47
46.59	4.0849993959999997e-47
46.697	4.066867984e-47
46.805	4.0490314240000007e-47
46.913	4.031234064e-47
47.021	4.0136026090000004e-47
47.13	3.996009796e-47
47.238	3.9787079289999996e-47
47.347	3.9614436e-47
47.457	3.9443424160000003e-47
47.566	3.9272782240000003e-47
47.676	3.9105011559999997e-47
47.786	3.89376e-47
47.896	3.877179289e-47
48.006	3.8606339559999997e-47
48.117	3.8442480040000003e-47
48.228	3.828020641e-47
48.339	3.8119510810000003e-47
48.451	3.795915321e-47
48.562	3.7800363239999997e-47
48.674	3.764313316e-47
48.787	3.7487455290000004e-47
48.899	3.7332099999999998e-47
49.012	3.717828676e-47
49.125	3.702479104e-47
49.238	3.6872827290000005e-47
49.352	3.672238801e-47
49.465	3.657346576e-47
49.579	3.6424846090000004e-47
49.694	3.6276528999999997e-47
49.808	3.613091881e-47
49.923	3.5985601440000003e-47
50.038	3.5841774240000006e-47
50.154	3.5698235040000006e-47
50.269	3.555617641e-47
50.385	3.5415591210000006e-47
50.502	3.5275284489999995e-47
50.618	3.513644176e-47
50.735	3.4999056e-47
50.852	3.486193936e-47
50.969	3.472627041e-47
51.087	3.459086596e-47
51.204	3.44569e-47
51.322	3.4324365690000003e-47
51.441	3.4192086759999996e-47
51.559	3.4061230439999998e-47
51.678	3.3930624999999996e-47
51.797	3.3801433210000003e-47
51.917	3.367364841e-47
52.037	3.354610561e-47
52.157	3.3418804810000004e-47
52.277	3.329405401e-47
52.397	3.3169536490000005e-47
52.518	3.304525225e-47
52.639	3.292234884e-47
52.761	3.280081984e-47
52.882	3.267951556e-47
53.004	3.2558435999999994e-47
53.127	3.2439859359999996e-47
53.249	3.232036201e-47
53.372	3.2203355039999997e-47
53.495	3.2086560250000005e-47
53.618	3.196997764e-47
53.742	3.1854736e-47
53.866	3.173970244e-47
53.99	3.162600169e-47
54.115	3.151362769e-47
54.239	3.1401453689999994e-47
54.365	3.1290598439999997e-47
54.49	3.1179939209999997e-47
54.616	3.1069476e-47
54.741	3.096032164e-47
54.868	3.0852470250000004e-47
54.994	3.074480704e-47
55.121	3.0638439039999997e-47
55.248	3.0532255359999997e-47
55.376	3.0426256e-47
55.503	3.0321542250000005e-47
55.631	3.0218108409999996e-47
55.76	3.011485129e-47
55.888	3.0011770890000003e-47
56.017	2.9909961e-47
56.146	2.980941604e-47
56.276	2.9709040360000003e-47
56.405	2.9608833959999998e-47
56.535	2.950988329e-47
56.666	2.941109824e-47
56.797	2.931356164e-47
56.928	2.9216187039999997e-47
57.059	2.912005369e-47
57.19	2.9024078760000003e-47
57.322	2.8929337959999994e-47
57.454	2.8834752039999996e-47
57.587	2.8740321e-47
57.72	2.8647115290000003e-47
57.853	2.8555129689999997e-47
57.986	2.846329201e-47
58.12	2.837160225e-47
58.254	2.828006041e-47
58.388	2.819079025e-47
58.523	2.8100601e-47
58.658	2.8011614760000004e-47
58.793	2.792276964e-47
58.929	2.783512081e-47
59.065	2.774760976e-47
59.201	2.766128836e-47
59.337	2.757510144e-47
59.474	2.7489048999999997e-47
59.611	2.740417801e-47
59.749	2.731943824e-47
59.887	2.7235873440000004e-47
60.025	2.7152436640000005e-47
60.163	2.706912784e-47
60.302	2.698698601e-47
60.441	2.6904969e-47
60.58	2.682411264e-47
60.72	2.6743377960000003e-47
60.86	2.666276496e-47
61	2.6583304809999994e-47
61.141	2.650396324e-47
61.282	2.6424740250000004e-47
61.423	2.6346662409999997e-47
61.565	2.626870009e-47
61.707	2.6191876839999997e-47
61.849	2.6115166089999997e-47
61.992	2.603856784e-47
62.135	2.596208209e-47
62.278	2.588672641e-47
62.422	2.5812496360000003e-47
62.566	2.573735824e-47
62.71	2.566334281e-47
62.855	2.559044569e-47
62.999	2.5517652250000005e-47
63.145	2.544496249e-47
63.29	2.537237641e-47
63.436	2.53009e-47
63.583	2.5229524409999998e-47
63.729	2.5158249640000005e-47
63.876	2.508807744e-47
64.023	2.501800324e-47
64.171	2.494902601e-47
64.319	2.4879146410000003e-47
64.467	2.4810361e-47
64.616	2.4742665639999996e-47
64.765	2.4674069290000006e-47
64.914	2.460656025e-47
65.064	2.4540134440000003e-47
65.214	2.4472809e-47
65.365	2.440656409e-47
65.515	2.434139569e-47
65.666	2.4275329e-47
65.818	2.421033616e-47
65.97	2.414543044e-47
66.122	2.408159329e-47
66.274	2.401686049e-47
66.427	2.3954172489999996e-47
66.58	2.389058884e-47
66.734	2.382806596e-47
66.888	2.3765625e-47
67.042	2.370326596e-47
67.196	2.364098884e-47
67.351	2.357976481e-47
67.507	2.351862016e-47
67.662	2.345852356e-47
67.818	2.3397536410000003e-47
67.975	2.3337594809999997e-47
68.132	2.3278695040000003e-47
68.289	2.321890596e-47
68.446	2.3160156249999997e-47
68.604	2.310148096e-47
68.762	2.3042880090000003e-47
68.921	2.298531249e-47
69.08	2.2927816890000004e-47
69.239	2.287039329e-47
69.399	2.281304169e-47
69.559	2.2756716159999995e-47
69.719	2.2700460249999997e-47
69.88	2.264427396e-47
70.041	2.258815729e-47
70.202	2.2533059609999997e-47
70.364	2.2478029209999997e-47
70.527	2.242306609e-47
70.689	2.2369116159999997e-47
70.852	2.2314286439999996e-47
71.016	2.226046761e-47
71.179	2.220671376e-47
71.344	2.215396624e-47
71.508	2.2101281440000003e-47
71.673	2.204772025e-47
71.838	2.19961e-47
72.004	2.1943603360000004e-47
72.17	2.189210521e-47
72.336	2.184066756e-47
72.503	2.1789290410000004e-47
72.67	2.173797376e-47
72.838	2.1687649000000002e-47
73.006	2.1636452249999999e-47
73.174	2.158624521e-47
73.343	2.153702464e-47
73.512	2.1486933160000003e-47
73.682	2.143782601e-47
73.852	2.1388775040000002e-47
74.022	2.1339780250000001e-47
74.193	2.129084164e-47
74.364	2.1242881000000003e-47
74.535	2.119497444e-47
74.707	2.1147121959999996e-47
74.879	2.109932356e-47
75.052	2.1051579239999998e-47
75.225	2.1004805609999998e-47
75.399	2.0958083999999998e-47
75.572	2.091141441e-47
75.747	2.086479684e-47
75.921	2.081914384e-47
76.096	2.077262929e-47
76.272	2.072707729e-47
76.448	2.0681575289999998e-47
76.624	2.0636123290000002e-47
76.801	2.0591628839999998e-47
76.978	2.0547182410000002e-47
77.155	2.0502783999999996e-47
77.333	2.045843361e-47
77.512	2.0414131240000003e-47
77.69	2.0369876889999998e-47
77.87	2.032657225e-47
78.049	2.0283313689999997e-47
78.229	2.024010121e-47
78.409	2.0196934809999998e-47
78.59	2.0154712360000002e-47
78.772	2.0111637160000004e-47
78.953	2.006950401e-47
79.135	2.0027415039999998e-47
79.318	1.9985370250000003e-47
79.501	1.9944262809999998e-47
79.684	1.9902305440000003e-47
79.868	1.9861283559999998e-47
80.052	1.9820304e-47
80.236	1.9779366760000002e-47
80.421	1.9738471840000003e-47
80.607	1.9697619239999998e-47
80.793	1.9657695689999996e-47
80.979	1.9617812640000002e-47
81.166	1.957797009e-47
81.353	1.9538168040000002e-47
81.541	1.9498406490000002e-47
81.729	1.9459567689999999e-47
81.917	1.9419886239999997e-47
82.106	1.938112576e-47
82.295	1.9342403999999997e-47
82.485	1.930372096e-47
82.675	1.9265954490000002e-47
82.866	1.922734801e-47
83.057	1.9189656359999999e-47
83.249	1.9151126440000002e-47
83.441	1.9113509609999998e-47
83.633	1.9075929759999997e-47
83.826	1.9039259560000002e-47
84.019	1.9001752809999997e-47
84.213	1.8965154010000001e-47
84.407	1.8927720360000003e-47
84.602	1.8891192960000002e-47
84.797	1.885470084e-47
84.992	1.8819111610000003e-47
85.188	1.878268921e-47
85.385	1.874630209e-47
85.582	1.871081536e-47
85.779	1.8675362249999997e-47
85.977	1.863994276e-47
86.175	1.8604556889999998e-47
86.374	1.856920464e-47
86.573	1.8534747039999999e-47
86.773	1.8499461210000002e-47
86.973	1.8465068410000002e-47
87.173	1.8430707610000002e-47
87.374	1.8396378810000002e-47
87.576	1.8362082010000003e-47
87.778	1.8327817210000003e-47
87.98	1.8293584410000004e-47
88.183	1.826023824e-47
88.386	1.8226922489999997e-47
88.59	1.8193637160000002e-47
88.795	1.815952996e-47
88.999	1.8127157759999997e-47
89.205	1.8093963690000001e-47
89.41	1.806080004e-47
89.616	1.8028516e-47
89.823	1.7995412409999998e-47
90.03	1.7963186890000001e-47
90.238	1.7930990250000003e-47
90.446	1.7898822489999997e-47
90.655	1.786668361e-47
90.864	1.7835418239999998e-47
91.073	1.780333636e-47
91.283	1.777212649e-47
91.494	1.7740101610000002e-47
91.705	1.770894724e-47
91.916	1.767782025e-47
92.128	1.764672064e-47
92.34	1.761564841e-47
92.553	1.758544225e-47
92.767	1.7554424040000002e-47
92.981	1.7524270439999997e-47
93.195	1.7493306249999997e-47
93.41	1.746320521e-47
93.625	1.7433130089999998e-47
93.841	1.740308089e-47
94.058	1.7373057609999998e-47
94.275	1.734389316e-47
94.492	1.7313921000000002e-47
94.71	1.7283974759999999e-47
94.928	1.725488521e-47
95.147	1.722582016e-47
95.367	1.719677961e-47
95.587	1.7167763560000002e-47
95.807	1.7138772010000003e-47
96.028	1.7109804959999998e-47
96.249	1.7080862409999998e-47
96.471	1.7052770250000004e-47
96.694	1.702470121e-47
96.917	1.6995830760000002e-47
97.14	1.696780864e-47
97.364	1.6939809639999998e-47
97.589	1.6911833759999998e-47
97.814	1.6883881000000001e-47
98.039	1.6855951360000002e-47
98.266	1.6828865289999998e-47
98.492	1.680098121e-47
98.719	1.6773939359999999e-47
98.947	1.6746100840000002e-47
99.175	1.671910321e-47
99.404	1.6692127360000003e-47
99.633	1.6665173289999997e-47
99.863	1.6638241e-47
100.09	1.6611330490000003e-47
100.32	1.6585256250000003e-47
100.56	1.6558388639999998e-47
100.79	1.6532356e-47
101.02	1.6505531290000002e-47
101.25	1.647954025e-47
101.49	1.645356969e-47
101.72	1.6427619610000002e-47
101.95	1.6401690010000002e-47
102.19	1.6375780890000003e-47
102.43	1.6349892250000003e-47
102.66	1.6324024090000002e-47
102.9	1.629898384e-47
103.14	1.6273156e-47
103.37	1.6248154809999998e-47
103.61	1.6223172840000002e-47
103.85	1.6198210089999998e-47
104.09	1.6173266559999997e-47
104.33	1.614834225e-47
104.57	1.6123437159999998e-47
104.81	1.6098551290000002e-47
105.05	1.607368464e-47
105.3	1.6049638440000002e-47
105.54	1.6024809609999999e-47
105.78	1.600080001e-47
106.03	1.5976009e-47
106.27	1.5952036e-47
106.52	1.5928081000000002e-47
106.76	1.5904143999999998e-47
107.01	1.5880225e-47
107.25	1.5856324e-47
107.5	1.5832441000000002e-47
107.75	1.5809371210000002e-47
108	1.5785523609999997e-47
108.25	1.5762488040000002e-47
108.5	1.5738675839999997e-47
108.75	1.5715674489999997e-47
109	1.5692689960000003e-47
109.25	1.5669722250000003e-47
109.5	1.5646771360000002e-47
109.75	1.5623837290000002e-47
110.01	1.560092004e-47
110.26	1.557801961e-47
110.51	1.5555135999999998e-47
110.77	1.5533057440000001e-47
111.02	1.5510206890000001e-47
111.28	1.548816025e-47
111.54	1.5466129290000002e-47
111.79	1.544332804e-47
112.05	1.5421328999999997e-47
112.31	1.539934564e-47
112.57	1.5377377959999999e-47
112.83	1.535542596e-47
113.09	1.5333489639999998e-47
113.35	1.5311569000000002e-47
113.61	1.5290446090000003e-47
113.87	1.526855625e-47
114.14	1.524746304e-47
114.4	1.5225604000000002e-47
114.66	1.5204540489999998e-47
114.93	1.5183491559999997e-47
115.19	1.5162457209999998e-47
115.46	1.5140659210000003e-47
115.72	1.5119654559999996e-47
115.99	1.5098664489999998e-47
116.26	1.5078465610000003e-47
116.53	1.5057504159999999e-47
116.8	1.5036557289999998e-47
117.06	1.5016400010000002e-47
117.33	1.4995481759999998e-47
117.61	1.4975352040000003e-47
117.88	1.4954462410000004e-47
118.15	1.4934360250000001e-47
118.42	1.491427161e-47
118.69	1.4894196489999998e-47
118.97	1.487336356e-47
119.24	1.4853315999999998e-47
119.52	1.483405225e-47
119.79	1.481403121e-47
120.07	1.4794023689999997e-47
120.35	1.4774029690000002e-47
120.62	1.4754817439999998e-47
120.9	1.4734849960000003e-47
121.18	1.471566321e-47
121.46	1.4695722249999998e-47
121.74	1.4676561e-47
122.02	1.4657412250000002e-47
122.3	1.4638275999999998e-47
122.58	1.461915225e-47
122.87	1.4600040999999996e-47
123.15	1.458094225e-47
123.43	1.4561856000000002e-47
123.72	1.4542782249999998e-47
124	1.4523721e-47
124.29	1.450543396e-47
124.58	1.4486397210000002e-47
124.86	1.4468133690000002e-47
125.15	1.4449121439999998e-47
125.44	1.443088144e-47
125.73	1.441265296e-47
126.02	1.439367721e-47
126.31	1.4375472250000003e-47
126.6	1.4357278810000001e-47
126.89	1.4339096890000002e-47
127.19	1.432092649e-47
127.48	1.430276761e-47
127.77	1.4285376159999999e-47
128.07	1.426723984e-47
128.36	1.424911504e-47
128.66	1.4231756249999997e-47
128.96	1.4213654009999998e-47
129.25	1.419631684e-47
129.55	1.4178237160000001e-47
129.85	1.4160921609999999e-47
130.15	1.4143616639999998e-47
130.45	1.4126322250000002e-47
130.75	1.4109038439999998e-47
131.05	1.409176521e-47
131.35	1.407450256e-47
131.66	1.4057250489999997e-47
131.96	1.4040009000000002e-47
132.26	1.402277809e-47
132.57	1.400630625e-47
132.88	1.398909604e-47
133.18	1.3972644000000001e-47
133.49	1.3955454489999998e-47
133.8	1.393902225e-47
134.11	1.392185344e-47
134.41	1.3905441e-47
134.72	1.388903824e-47
135.04	1.3872645160000003e-47
135.35	1.3856261759999998e-47
135.66	1.383988804e-47
135.97	1.3823524e-47
136.29	1.3807169640000003e-47
136.6	1.3790824959999998e-47
136.91	1.377448996e-47
137.23	1.3758906489999998e-47
137.55	1.3742590410000002e-47
137.86	1.3727025e-47
138.18	1.371072784e-47
138.5	1.369518049e-47
138.82	1.3678902250000003e-47
139.14	1.3663372960000002e-47
139.46	1.3647852490000001e-47
139.78	1.363234084e-47
140.1	1.3616838009999999e-47
140.43	1.3601344e-47
140.75	1.358585881e-47
141.08	1.3570382439999998e-47
141.4	1.3554914890000003e-47
141.73	1.3539456160000002e-47
142.05	1.352474176e-47
142.38	1.3509300249999997e-47
142.71	1.3494602250000002e-47
143.04	1.3479177960000002e-47
143.37	1.3464496359999999e-47
143.7	1.3449089290000003e-47
144.03	1.343442409e-47
144.36	1.3419766889999998e-47
144.7	1.340511769e-47
145.03	1.338974464e-47
145.36	1.3375111840000001e-47
145.7	1.3360487039999999e-47
146.04	1.334660089e-47
146.37	1.3331991689999998e-47
146.71	1.331739049e-47
147.05	1.3302797289999997e-47
147.39	1.3288941159999999e-47
147.73	1.3274363560000002e-47
148.07	1.325979396e-47
148.41	1.324596025e-47
148.75	1.323213376e-47
149.09	1.3217587360000002e-47
149.44	1.3203775689999998e-47
149.78	1.3189971239999998e-47
150.13	1.3176174009999999e-47
150.47	1.3161658410000003e-47
150.82	1.3147875999999997e-47
151.17	1.3134100809999998e-47
151.52	1.3120332839999999e-47
151.87	1.3107296159999998e-47
152.22	1.3093542249999999e-47
152.57	1.307979556e-47
152.92	1.3066056089999999e-47
153.27	1.3053046409999998e-47
153.63	1.3039321e-47
153.98	1.3026324639999998e-47
154.34	1.301261329e-47
154.69	1.2999630250000002e-47
155.05	1.2986653690000002e-47
155.41	1.297368361e-47
155.76	1.296e-47
156.12	1.294704324e-47
156.48	1.2934092959999998e-47
156.84	1.2921149160000002e-47
157.21	1.290821184e-47
157.57	1.2895999209999997e-47
157.93	1.2883074490000002e-47
158.3	1.287015625e-47
158.66	1.285724449e-47
159.03	1.2845056000000001e-47
159.39	1.2832156839999999e-47
159.76	1.281998025e-47
160.13	1.280709369e-47
160.5	1.2794929000000002e-47
160.87	1.2782770089999998e-47
161.24	1.2769902249999998e-47
161.61	1.275775524e-47
161.98	1.2745614010000003e-47
162.36	1.2733478559999997e-47
162.73	1.2721348890000001e-47
163.11	1.2709224999999997e-47
163.48	1.269710689e-47
163.86	1.268499456e-47
164.24	1.2673600000000002e-47
164.62	1.2661498889999998e-47
165	1.264940356e-47
165.38	1.2638025e-47
165.76	1.2625940890000002e-47
166.14	1.2614572890000002e-47
166.52	1.2602499999999998e-47
166.91	1.259114256e-47
167.29	1.257979024e-47
167.68	1.256844304e-47
168.07	1.255710096e-47
168.45	1.254505561e-47
168.84	1.253372409e-47
169.23	1.252310544e-47
169.62	1.251178384e-47
170.01	1.250046736e-47
170.4	1.2489156e-47
170.8	1.247784976e-47
171.19	1.2467254809999998e-47
171.59	1.2455958489999998e-47
171.98	1.2445372840000002e-47
172.38	1.243408644e-47
172.78	1.2423510089999998e-47
173.17	1.241223361e-47
173.57	1.2401666560000002e-47
173.97	1.239110401e-47
174.37	1.238054596e-47
174.78	1.2369992410000002e-47
175.18	1.235944336e-47
175.58	1.2348898809999999e-47
175.99	1.2338358760000002e-47
176.39	1.2327823209999998e-47
176.8	1.2317292160000001e-47
177.21	1.230676561e-47
177.62	1.2296944890000002e-47
178.03	1.228642704e-47
178.44	1.2276614440000001e-47
178.85	1.226610529e-47
179.26	1.2256300810000002e-47
179.68	1.224580036e-47
180.09	1.2236004e-47
180.5	1.2226211560000002e-47
180.92	1.2216423039999999e-47
181.34	1.220663844e-47
181.76	1.219685776e-47
182.18	1.2187081000000002e-47
182.6	1.2177308159999999e-47
183.02	1.216753924e-47
183.44	1.215777424e-47
183.86	1.2148013160000002e-47
184.29	1.213895281e-47
184.71	1.2129199290000002e-47
185.14	1.211944969e-47
185.56	1.21104e-47
185.99	1.2101353690000002e-47
186.42	1.209161529e-47
186.85	1.2082575999999997e-47
187.28	1.2073540090000002e-47
187.71	1.206381289e-47
188.15	1.2054784e-47
188.58	1.2045758490000002e-47
189.01	1.2036736360000002e-47
189.45	1.2027717610000002e-47
189.89	1.201939561e-47
190.33	1.2010383359999998e-47
190.76	1.2001374489999997e-47
191.2	1.1992369e-47
191.65	1.198405924e-47
192.09	1.197506025e-47
192.53	1.196675649e-47
192.97	1.1957764e-47
193.42	1.1949466239999997e-47
193.87	1.194117136e-47
194.31	1.1932879359999997e-47
194.76	1.1923899609999998e-47
195.21	1.191561361e-47
195.66	1.1907330489999997e-47
196.11	1.189905025e-47
196.56	1.1890772889999998e-47
197.02	1.1883187839999998e-47
197.47	1.1874916e-47
197.93	1.1866647039999998e-47
198.38	1.185838096e-47
198.84	1.1850806250000003e-47
199.3	1.1842545689999998e-47
199.76	1.183497604e-47
200.22	1.1826721000000003e-47
200.68	1.1819156409999997e-47
201.14	1.1811594239999998e-47
201.61	1.1804034489999999e-47
202.07	1.179647716e-47
202.54	1.178892225e-47
203	1.178136976e-47
203.47	1.1773819690000002e-47
203.94	1.1766272039999998e-47
204.41	1.1758726809999998e-47
204.88	1.1751183999999998e-47
205.36	1.1744328999999999e-47
205.83	1.173679081e-47
206.3	1.172925504e-47
206.78	1.1722406439999998e-47
207.26	1.1715559840000003e-47
207.73	1.1708030890000002e-47
208.21	1.1701188490000002e-47
208.69	1.169434809e-47
209.18	1.1687509689999998e-47
209.66	1.1680673290000002e-47
210.14	1.1673838890000002e-47
210.63	1.166700649e-47
211.11	1.166017609e-47
211.6	1.1653347690000002e-47
212.09	1.164652129e-47
212.58	1.1640379239999997e-47
213.07	1.1633556640000002e-47
213.56	1.162673604e-47
214.05	1.1620599210000003e-47
214.54	1.1614464e-47
215.04	1.1607648999999998e-47
215.53	1.160151721e-47
216.03	1.1595387040000001e-47
216.53	1.1589258489999998e-47
217.03	1.158313156e-47
217.53	1.1577006249999997e-47
218.03	1.157088256e-47
218.53	1.1564760490000003e-47
219.04	1.1558640039999998e-47
219.54	1.155252121e-47
220.05	1.154708361e-47
220.56	1.1540967840000003e-47
221.06	1.1535532960000001e-47
221.57	1.1529420249999998e-47
222.08	1.152398809e-47
222.6	1.151787844e-47
223.11	1.1512449000000002e-47
223.62	1.150702084e-47
224.14	1.1501593960000002e-47
224.66	1.149616836e-47
225.18	1.149074404e-47
225.69	1.1485321e-47
226.22	1.1479899240000001e-47
226.74	1.147515625e-47
227.26	1.146973689e-47
227.78	1.146431881e-47
228.31	1.1459579040000003e-47
228.84	1.1454163360000001e-47
229.36	1.144942569e-47
229.89	1.1444688999999997e-47
230.42	1.143927684e-47
230.95	1.1434542250000002e-47
231.49	1.142980864e-47
232.02	1.1425076009999997e-47
232.56	1.142034436e-47
233.09	1.141561369e-47
233.63	1.1410884000000002e-47
234.17	1.140683076e-47
234.71	1.140210289e-47
235.25	1.1397375999999999e-47
235.79	1.139332516e-47
236.34	1.138860009e-47
236.88	1.138455081e-47
237.43	1.1380502250000003e-47
237.97	1.1376454409999997e-47
238.52	1.1371732840000002e-47
239.07	1.1367686559999998e-47
239.62	1.1363640999999998e-47
240.18	1.135959616e-47
240.73	1.135622601e-47
241.29	1.135218249e-47
241.84	1.134813969e-47
242.4	1.134409761e-47
242.96	1.1340729759999998e-47
243.52	1.1336688999999999e-47
244.08	1.1333322249999997e-47
244.64	1.1329955999999999e-47
245.21	1.1325917159999998e-47
245.77	1.132255201e-47
246.34	1.1319187359999998e-47
246.91	1.1315823210000003e-47
247.48	1.1312459560000002e-47
248.05	1.130909641e-47
248.62	1.130573376e-47
249.19	1.1303043999999999e-47
249.77	1.1299682250000003e-47
250.34	1.129699321e-47
250.92	1.1293632359999998e-47
251.5	1.1290944040000001e-47
252.08	1.128758409e-47
252.66	1.128489649e-47
253.24	1.128220921e-47
253.83	1.1279522249999998e-47
254.41	1.127683561e-47
255	1.1274149289999998e-47
255.59	1.127146329e-47
256.18	1.1268777609999997e-47
256.77	1.126609225e-47
257.36	1.1264078440000002e-47
257.95	1.126139364e-47
258.55	1.125938025e-47
259.14	1.1256696010000002e-47
259.74	1.1254683039999997e-47
260.34	1.1252670249999998e-47
260.94	1.125065764e-47
261.54	1.124864521e-47
262.15	1.124663296e-47
262.75	1.124462089e-47
263.36	1.1242609e-47
263.96	1.124059729e-47
264.57	1.123925625e-47
265.18	1.123724484e-47
265.79	1.1235904e-47
266.41	1.123389289e-47
267.02	1.123255225e-47
267.64	1.123121169e-47
268.25	1.1229201e-47
268.87	1.1227860639999997e-47
269.49	1.122652036e-47
270.11	1.122518016e-47
270.74	1.1224510090000002e-47
271.36	1.1223170010000001e-47
271.99	1.122183001e-47
272.61	1.122116004e-47
273.24	1.121982016e-47
273.87	1.1219150250000002e-47
274.5	1.121781049e-47
275.14	1.121714064e-47
275.77	1.121647081e-47
276.41	1.1215801000000002e-47
277.05	1.1215131209999998e-47
277.68	1.121446144e-47
278.32	1.1213791690000002e-47
278.97	1.1213121959999999e-47
279.61	1.1213121959999999e-47
280.25	1.121245225e-47
280.9	1.121245225e-47
281.55	1.1211782559999999e-47
282.2	1.1211782559999999e-47
282.85	1.1211782559999999e-47
283.5	1.1211782559999999e-47
284.15	1.1211782559999999e-47
284.81	1.1211782559999999e-47
285.47	1.1211782559999999e-47
286.13	1.1211782559999999e-47
286.78	1.121245225e-47
287.45	1.121245225e-47
288.11	1.121245225e-47
288.77	1.1213121959999999e-47
289.44	1.1213791690000002e-47
290.11	1.121446144e-47
290.78	1.121446144e-47
291.45	1.1215131209999998e-47
292.12	1.1215801000000002e-47
292.79	1.121714064e-47
293.47	1.121781049e-47
294.14	1.121848036e-47
294.82	1.1219150250000002e-47
295.5	1.122049009e-47
296.18	1.122183001e-47
296.87	1.1222499999999998e-47
297.55	1.122384004e-47
298.24	1.122518016e-47
298.92	1.122652036e-47
299.61	1.1227860639999997e-47
300.31	1.1229201e-47
301	1.123054144e-47
301.69	1.123255225e-47
302.39	1.123389289e-47
303.08	1.1235904e-47
303.78	1.123724484e-47
304.48	1.123925625e-47
305.19	1.124126784e-47
305.89	1.124327961e-47
306.6	1.1245291559999998e-47
307.3	1.124730369e-47
308.01	1.1249315999999997e-47
308.72	1.1251328490000003e-47
309.43	1.125401209e-47
310.15	1.1256025e-47
310.86	1.1258709160000003e-47
311.58	1.126072249e-47
312.3	1.1263407209999999e-47
313.02	1.126609225e-47
313.74	1.1268777609999997e-47
314.46	1.127146329e-47
315.19	1.1274149289999998e-47
315.91	1.127683561e-47
316.64	1.128019396e-47
317.37	1.1282880999999998e-47
318.11	1.128624025e-47
318.84	1.12896e-47
319.57	1.1292288159999997e-47
320.31	1.129564881e-47
321.05	1.129900996e-47
321.79	1.130237161e-47
322.53	1.130573376e-47
323.28	1.1309768999999998e-47
324.02	1.131313225e-47
324.77	1.1317168809999999e-47
325.52	1.132053316e-47
326.27	1.132457104e-47
327.02	1.132860964e-47
327.77	1.133197569e-47
328.53	1.133601561e-47
329.29	1.1340729759999998e-47
330.05	1.1344771240000001e-47
330.81	1.134881344e-47
331.57	1.1352856359999998e-47
332.34	1.1357574010000002e-47
333.1	1.1362292639999997e-47
333.87	1.1366337960000002e-47
334.64	1.1371058409999998e-47
335.41	1.137577984e-47
336.19	1.1380502250000003e-47
336.96	1.138522564e-47
337.74	1.138995001e-47
338.52	1.139535049e-47
339.3	1.1400076960000002e-47
340.08	1.1405479840000002e-47
340.86	1.1410884000000002e-47
341.65	1.141561369e-47
342.44	1.142102025e-47
343.23	1.142642809e-47
344.02	1.143183721e-47
344.81	1.1437924000000003e-47
345.61	1.1443335840000003e-47
346.4	1.144874896e-47
347.2	1.145484025e-47
348	1.1460933159999998e-47
348.81	1.1466350439999997e-47
349.61	1.1472446410000002e-47
350.42	1.1478544e-47
351.23	1.1484643209999997e-47
352.04	1.149142201e-47
352.85	1.1497524640000003e-47
353.66	1.150362889e-47
354.48	1.1510413290000002e-47
355.29	1.1517199689999997e-47
356.11	1.152330916e-47
356.93	1.1530099360000002e-47
357.76	1.1536891559999999e-47
358.58	1.154368576e-47
359.41	1.155116169e-47
360.24	1.155796009e-47
361.07	1.1564760490000003e-47
361.9	1.157224324e-47
362.74	1.157972841e-47
363.57	1.1586535210000002e-47
364.41	1.1594025e-47
365.25	1.160151721e-47
366.09	1.1609693290000004e-47
366.94	1.1617190560000001e-47
367.78	1.1624690250000001e-47
368.63	1.163287449e-47
369.48	1.1640379239999997e-47
370.33	1.1648569e-47
371.19	1.1656761639999998e-47
372.04	1.166495716e-47
372.9	1.1673155559999998e-47
373.76	1.168135684e-47
374.62	1.1690244810000002e-47
375.49	1.1698452089999998e-47
376.35	1.170734656e-47
377.22	1.1715559840000003e-47
378.09	1.1724460810000003e-47
378.96	1.173336516e-47
379.84	1.1742272889999997e-47
380.71	1.1751183999999998e-47
381.59	1.1760784359999998e-47
382.47	1.1769702489999998e-47
383.35	1.1779310410000002e-47
384.24	1.1788235559999998e-47
385.12	1.179785104e-47
386.01	1.180747044e-47
386.9	1.1817093759999999e-47
387.79	1.1826721000000003e-47
388.69	1.183704025e-47
389.58	1.1846675609999998e-47
390.48	1.185700356e-47
391.38	1.1866647039999998e-47
392.28	1.187698369e-47
393.19	1.1887324840000002e-47
394.1	1.1897670489999998e-47
395	1.1908020640000002e-47
395.92	1.191906576e-47
396.83	1.1929425209999997e-47
397.74	1.1940480249999997e-47
398.66	1.1950849e-47
399.58	1.196191396e-47
400.5	1.197298404e-47
401.43	1.198405924e-47
402.35	1.1995832249999997e-47
403.28	1.2006918009999999e-47
404.21	1.2018008889999997e-47
405.14	1.2029798560000001e-47
406.08	1.204159401e-47
407.01	1.2053395240000002e-47
407.95	1.206520225e-47
408.89	1.2077015039999998e-47
409.83	1.208883361e-47
410.78	1.210065796e-47
411.73	1.211318416e-47
412.68	1.2125716840000002e-47
413.63	1.213755921e-47
414.58	1.215010449e-47
415.54	1.2162656250000001e-47
416.5	1.2175912360000002e-47
417.46	1.2188477439999998e-47
418.42	1.2201048999999998e-47
419.38	1.2214326009999998e-47
420.35	1.2227610239999996e-47
421.32	1.2240901690000002e-47
422.29	1.225420036e-47
423.27	1.226750625e-47
424.24	1.228081936e-47
425.22	1.229413969e-47
426.2	1.2308168890000001e-47
427.18	1.2322206089999998e-47
428.17	1.233625129e-47
429.16	1.235030449e-47
430.15	1.236436569e-47
431.14	1.237843489e-47
432.13	1.2392512090000002e-47
433.13	1.2407301760000002e-47
434.13	1.2422100249999997e-47
435.13	1.243620225e-47
436.13	1.2451017960000001e-47
437.14	1.246584249e-47
438.14	1.248138241e-47
439.16	1.2496225e-47
440.17	1.251178384e-47
441.18	1.252664449e-47
442.2	1.2542222249999998e-47
443.22	1.2557809690000001e-47
444.24	1.257340681e-47
445.27	1.258901361e-47
446.29	1.2605340160000002e-47
447.32	1.262096676e-47
448.35	1.2637314010000002e-47
449.39	1.2653671839999998e-47
450.42	1.2670040250000002e-47
451.46	1.2686419239999998e-47
452.5	1.2702808809999999e-47
453.55	1.271992225e-47
454.59	1.2736333440000002e-47
455.64	1.2753469440000002e-47
456.69	1.277061696e-47
457.75	1.2787776e-47
458.8	1.280494656e-47
459.86	1.2822844809999999e-47
460.92	1.284003889e-47
461.98	1.2857961640000002e-47
463.05	1.287517924e-47
464.12	1.289312649e-47
465.19	1.2911804890000002e-47
466.26	1.292977764e-47
467.33	1.2947762889999997e-47
468.41	1.2966480809999998e-47
469.49	1.298521225e-47
470.57	1.300395721e-47
471.66	1.3022715690000003e-47
472.75	1.3041487689999998e-47
473.84	1.306027321e-47
474.93	1.307979556e-47
476.02	1.309933249e-47
477.12	1.3118883999999997e-47
478.22	1.3138450090000001e-47
479.33	1.3158030760000002e-47
480.43	1.317835204e-47
481.54	1.3198689e-47
482.65	1.321904164e-47
483.76	1.323940996e-47
484.88	1.3260522250000002e-47
486	1.328238025e-47
487.12	1.3304256249999998e-47
488.24	1.332688036e-47
489.37	1.3350254440000002e-47
490.49	1.337657476e-47
491.63	1.3406582250000002e-47
492.76	1.344542224e-47
493.9	1.3515181689999998e-47
495.03	1.3744073290000001e-47
496.18	2.2030819689999995e-47
497.32	1.4235528999999998e-47
498.47	1.365006916e-47
499.62	1.3588070439999997e-47
500.77	1.358364736e-47
501.92	1.359470641e-47
503.08	1.361093449e-47
504.24	1.363012561e-47
505.4	1.365006916e-47
506.57	1.367150625e-47
507.74	1.3693700249999998e-47
508.91	1.3715912249999997e-47
510.08	1.373888356e-47
511.26	1.3761874090000002e-47
512.44	1.3784883839999998e-47
513.62	1.380791281e-47
514.8	1.383170481e-47
515.99	1.385551729e-47
517.18	1.387935025e-47
518.37	1.3903949439999998e-47
519.57	1.3927823999999997e-47
520.77	1.3952466090000002e-47
521.97	1.3977129959999999e-47
523.17	1.4001815610000003e-47
524.38	1.402652304e-47
525.59	1.4052001960000003e-47
526.8	1.407675361e-47
528.01	1.4102278090000002e-47
529.23	1.4127825690000002e-47
530.45	1.415414884e-47
531.67	1.4179743360000003e-47
532.9	1.4206114810000003e-47
534.13	1.4231756249999997e-47
535.36	1.4258176000000002e-47
536.6	1.4284620250000001e-47
537.83	1.431184561e-47
539.07	1.4338339559999997e-47
540.32	1.4365616040000002e-47
541.56	1.4392918439999998e-47
542.81	1.442024676e-47
544.06	1.4447601e-47
545.32	1.4474981160000002e-47
546.57	1.450314889e-47
547.84	1.4530581609999998e-47
549.1	1.4558803359999998e-47
550.36	1.4587052489999999e-47
551.63	1.4615329e-47
552.91	1.464439824e-47
554.18	1.4672730249999998e-47
555.46	1.4701856489999999e-47
556.74	1.4731011610000002e-47
558.02	1.476019561e-47
559.31	1.4790177640000002e-47
560.6	1.481942016e-47
561.89	1.4849462249999996e-47
563.19	1.487953476e-47
564.49	1.490963769e-47
565.79	1.4939771039999999e-47
567.09	1.496993481e-47
568.4	1.500090361e-47
569.71	1.503190441e-47
571.03	1.506293721e-47
572.34	1.509400201e-47
573.66	1.5125098809999999e-47
574.99	1.5157006240000004e-47
576.31	1.5188167840000004e-47
577.64	1.522014169e-47
578.97	1.5252149159999997e-47
580.31	1.5284972159999998e-47
581.65	1.5317047689999998e-47
582.99	1.534994041e-47
584.33	1.538286841e-47
585.68	1.5415831690000001e-47
587.03	1.5448830250000003e-47
588.38	1.5481864089999999e-47
589.74	1.5515720999999997e-47
591.1	1.5549614890000002e-47
592.46	1.5583545760000002e-47
593.83	1.561751361e-47
595.2	1.565151844e-47
596.57	1.5686352360000003e-47
597.95	1.5720432010000003e-47
599.33	1.5755342489999999e-47
600.71	1.5790291690000002e-47
602.09	1.5826075240000003e-47
603.48	1.586110276e-47
604.87	1.589696641e-47
606.27	1.593287056e-47
607.67	1.5968815210000002e-47
609.07	1.6004800360000003e-47
610.47	1.604162704e-47
611.88	1.6077694090000002e-47
613.29	1.611460449e-47
614.7	1.6151557209999998e-47
616.12	1.618935696e-47
617.54	1.622639524e-47
618.97	1.626428241e-47
620.39	1.6302213760000004e-47
621.83	1.6340189289999999e-47
623.26	1.6378209000000002e-47
624.7	1.6416272889999996e-47
626.14	1.6455192250000003e-47
627.58	1.6494157690000002e-47
629.03	1.6533169210000003e-47
630.48	1.6572226810000002e-47
631.93	1.661214564e-47
633.39	1.665129636e-47
634.85	1.6691310249999998e-47
636.31	1.673137216e-47
637.78	1.677148209e-47
639.25	1.6812460090000001e-47
640.73	1.6853488090000002e-47
642.2	1.6894566089999997e-47
643.68	1.6935694089999998e-47
645.17	1.697687209e-47
646.66	1.701810009e-47
648.15	1.7060204160000001e-47
649.64	1.710236025e-47
651.14	1.7144568359999998e-47
652.64	1.7187657640000002e-47
654.15	1.722997081e-47
655.66	1.7273167209999997e-47
657.17	1.731641769e-47
658.68	1.7359722249999997e-47
660.2	1.740308089e-47
661.72	1.7447329000000002e-47
663.25	1.7491633290000002e-47
664.78	1.7535993760000003e-47
666.31	1.7580410410000002e-47
667.85	1.7624883239999998e-47
669.39	1.767025296e-47
670.93	1.7715681e-47
672.48	1.776116736e-47
674.03	1.7806712040000004e-47
675.59	1.785316009e-47
677.14	1.7898822489999997e-47
678.7	1.794539044e-47
680.27	1.799201889e-47
681.84	1.8039557290000002e-47
683.41	1.8086307839999999e-47
684.99	1.8133970559999998e-47
686.57	1.8181695999999998e-47
688.15	1.8229484159999997e-47
689.74	1.8278190090000002e-47
691.33	1.832610481e-47
692.92	1.8374939559999997e-47
694.52	1.8423839290000002e-47
696.12	1.8473663609999998e-47
697.73	1.8522694440000002e-47
699.33	1.8572652160000002e-47
700.95	1.8622677159999998e-47
702.56	1.867276944e-47
704.18	1.8723794409999999e-47
705.81	1.877402241e-47
707.44	1.882518544e-47
709.07	1.8876418089999998e-47
710.7	1.8927720360000003e-47
712.34	1.897996356e-47
713.98	1.9032278760000002e-47
715.63	1.908466596e-47
717.28	1.9137125160000003e-47
718.93	1.9189656359999999e-47
720.59	1.924313689e-47
722.25	1.929669184e-47
723.92	1.935032121e-47
725.59	1.9404025e-47
727.26	1.945868544e-47
728.94	1.951253929e-47
730.62	1.9567352249999998e-47
732.3	1.9623128040000001e-47
733.99	1.9678096e-47
735.69	1.9734029290000002e-47
737.38	1.9790041959999997e-47
739.08	1.984613401e-47
740.79	1.9902305440000003e-47
742.5	1.9959449760000002e-47
744.21	2.0016676000000002e-47
745.92	2.007398416e-47
747.64	2.013137424e-47
749.37	2.0189744889999998e-47
751.1	2.0248200040000003e-47
752.83	2.030673969e-47
754.56	2.0365363839999997e-47
756.3	2.0424072490000002e-47
758.05	2.0483770810000002e-47
759.8	2.0543556249999997e-47
761.55	2.060342881e-47
763.3	2.0664297639999998e-47
765.06	2.072434576e-47
766.83	2.078539281e-47
768.6	2.0846529639999997e-47
770.37	2.0908670760000002e-47
772.15	2.096998849e-47
773.93	2.1032313210000002e-47
775.71	2.109473041e-47
777.5	2.1157240090000003e-47
779.29	2.1220763560000002e-47
781.09	2.1284382249999997e-47
782.89	2.1348096159999998e-47
784.7	2.1411905289999998e-47
786.51	2.1476736489999996e-47
788.32	2.154166569e-47
790.14	2.160669289e-47
791.96	2.1671818089999998e-47
793.79	2.1737041290000003e-47
795.62	2.1803296359999998e-47
797.45	2.186965225e-47
799.29	2.193610896e-47
801.13	2.2003604640000003e-47
802.98	2.2071204000000005e-47
804.83	2.2138907040000002e-47
806.69	2.220671376e-47
808.55	2.2274624160000004e-47
810.41	2.2343583609999997e-47
812.28	2.2412649639999995e-47
814.16	2.248182225e-47
816.03	2.2552051210000003e-47
817.91	2.262143844e-47
819.8	2.269188496e-47
821.69	2.276339521e-47
823.59	2.283406225e-47
825.49	2.2905796e-47
827.39	2.297764225e-47
829.3	2.3049600999999998e-47
831.21	2.312263396e-47
833.13	2.319481921e-47
835.05	2.3268081689999997e-47
836.97	2.334242596e-47
838.9	2.3415921e-47
840.84	2.349050089e-47
842.78	2.356519936e-47
844.72	2.3640016410000005e-47
846.67	2.371592601e-47
848.62	2.379098176e-47
850.58	2.3868110249999996e-47
852.54	2.394438489e-47
854.5	2.402078121e-47
856.47	2.4098281e-47
858.45	2.4175905609999995e-47
860.43	2.4254640009999996e-47
862.41	2.433251584e-47
864.4	2.441150464e-47
866.4	2.449062144e-47
868.39	2.4570857609999997e-47
870.4	2.4650232010000004e-47
872.4	2.4730729e-47
874.41	2.481235344e-47
876.43	2.489311449e-47
878.45	2.497500625e-47
880.48	2.505703249e-47
882.51	2.5139193209999996e-47
884.54	2.522148841e-47
886.58	2.530492416e-47
888.63	2.5388497690000005e-47
890.68	2.547321841e-47
892.73	2.555706916e-47
894.79	2.564207044e-47
896.85	2.572721284e-47
898.92	2.581351249e-47
900.99	2.589893881e-47
903.07	2.598552576e-47
905.15	2.6072257210000005e-47
907.24	2.616015609e-47
909.33	2.624820289e-47
911.43	2.6336397609999996e-47
913.53	2.6424740250000004e-47
915.64	2.6514260639999997e-47
917.75	2.660290084e-47
919.87	2.6692722249999997e-47
921.99	2.6783730089999998e-47
924.11	2.687489281e-47
926.25	2.6966210409999998e-47
928.38	2.7057682889999997e-47
930.52	2.714931025e-47
932.67	2.7242136360000003e-47
934.82	2.7335120889999997e-47
936.97	2.7428263840000003e-47
939.13	2.7522614439999994e-47
941.3	2.7617127039999997e-47
943.47	2.771180164e-47
945.65	2.780769289e-47
947.83	2.790269329e-47
950.01	2.799891396e-47
952.2	2.8096360360000004e-47
954.4	2.8192914090000003e-47
956.6	2.829069721e-47
958.81	2.838864961e-47
961.02	2.848783876e-47
963.23	2.858720089e-47
965.45	2.8686736000000004e-47
967.68	2.8786444090000004e-47
969.91	2.888740009e-47
972.15	2.898853281e-47
974.39	2.9089842249999996e-47
976.64	2.9191328410000003e-47
978.89	2.9294073759999996e-47
981.15	2.939699961e-47
983.41	2.9501192249999997e-47
985.68	2.960556921e-47
987.95	2.9711220640000005e-47
990.23	2.982470544e-47
992.51	3.050242441e-47
994.8	3.004464969e-47
997.1	3.013570816e-47
999.39	3.024010081e-47
1001.7	3.0346877439999996e-47
1004	3.045494596e-47
1006.3	3.056320656e-47
1008.6	3.0671659240000005e-47
1011	3.078141361e-47
1013.3	3.0891364e-47
1015.6	3.1002623999999996e-47
1018	3.111296841e-47
1020.3	3.122462641e-47
1022.7	3.1337604e-47
1025	3.1449664e-47
1027.4	3.1563047610000005e-47
1029.8	3.167776089e-47
1032.1	3.1791554560000004e-47
1034.5	3.190668196e-47
1036.9	3.202201744e-47
1039.3	3.213869481e-47
1041.7	3.2254448489999997e-47
1044.1	3.237154816e-47
1046.5	3.249e-47
1048.9	3.260752609e-47
1051.3	3.2726408490000004e-47
1053.8	3.284665344e-47
1056.2	3.296597056e-47
1058.6	3.3086654410000003e-47
1061.1	3.320755876e-47
1063.5	3.332983824e-47
1066	3.3452342440000004e-47
1068.4	3.3575071359999996e-47
1070.9	3.3698025e-47
1073.4	3.382236649e-47
1075.8	3.3946936959999995e-47
1078.3	3.407290384e-47
1080.8	3.419793441e-47
1083.3	3.4324365690000003e-47
1085.8	3.445220416e-47
1088.3	3.4580280250000006e-47
1090.8	3.470741569e-47
1093.3	3.4837145289999998e-47
1095.8	3.496593424e-47
1098.4	3.5096145640000005e-47
1100.9	3.5227786089999996e-47
1103.4	3.5358483690000006e-47
1106	3.5490614759999997e-47
1108.5	3.5622992250000003e-47
1111.1	3.575681209e-47
1113.7	3.589088281e-47
1116.2	3.602520441e-47
1118.8	3.615977689e-47
1121.4	3.6295805159999994e-47
1124	3.643208881e-47
1126.6	3.656983729e-47
1129.2	3.6706633959999997e-47
1131.8	3.684611401e-47
1134.4	3.698464225e-47
1137	3.7124649e-47
1139.6	3.7264920249999995e-47
1142.2	3.7405456000000003e-47
1144.9	3.754748176e-47
1147.5	3.768977664e-47
1150.2	3.7833570810000004e-47
1152.8	3.7976406249999997e-47
1155.5	3.812074564e-47
1158.1	3.8266596e-47
1160.8	3.8412724840000005e-47
1163.5	3.855913216e-47
1166.2	3.870581796e-47
1168.9	3.885402889e-47
1171.5	3.9002523040000003e-47
1174.2	3.915130041e-47
1177	3.9301614809999997e-47
1179.7	3.9452217209999997e-47
1182.4	3.960436624e-47
1185.1	3.975554704e-47
1187.9	3.990827929e-47
1190.6	4.006257025e-47
1193.3	4.021715889e-47
1196.1	4.0372045210000006e-47
1198.8	4.0527229209999997e-47
1201.6	4.0683986560000005e-47
1204.4	4.084104649e-47
1207.2	4.0999689609999997e-47
1209.9	4.115864025e-47
1212.7	4.1317898409999997e-47
1215.5	4.147746409e-47
1218.3	4.163862784e-47
1221.1	4.180010409e-47
1224	4.196318841e-47
1226.8	4.2126590249999997e-47
1229.6	4.2290309610000003e-47
1232.4	4.2455649639999997e-47
1235.3	4.262131225e-47
1238.1	4.278729744e-47
1241	4.2954916e-47
1243.9	4.312286224e-47
1246.7	4.329113616e-47
1249.6	4.3461056249999997e-47
1252.5	4.3631309160000003e-47
1255.4	4.380321856e-47
1258.3	4.397413968999999e-47
1261.2	4.414805136e-47
1264.1	4.432097475999999e-47
1267	4.449557025e-47
1269.9	4.467050896e-47
1272.8	4.484713023999999e-47
1275.8	4.50241e-47
1278.7	4.520141824e-47
1281.7	4.538043225e-47
1284.6	4.555980004e-47
1287.6	4.573952161000001e-47
1290.5	4.592095225e-47
1293.5	4.610274201e-47
1296.5	4.628625155999999e-47
1299.5	4.646876224000001e-47
1302.5	4.665436416e-47
1305.5	4.683896721000001e-47
1308.5	4.702530625e-47
1311.5	4.721338944e-47
1314.5	4.740047104e-47
1317.6	4.758930225e-47
1320.6	4.777989129e-47
1323.7	4.797086121e-47
1326.7	4.816221201000001e-47
1329.8	4.835394369000001e-47
1332.8	4.854744976000001e-47
1335.9	4.874273856e-47
1339	4.893702025e-47
1342.1	4.913449216000001e-47
1345.2	4.933095696e-47
1348.3	4.952922128999999e-47
1351.4	4.972788324000001e-47
1354.5	4.992835599999999e-47
1357.6	5.012923204e-47
1360.8	5.033051136e-47
1363.9	5.053361569000001e-47
1367	5.0737129e-47
1370.2	5.094105128999999e-47
1373.4	5.114681289e-47
1376.5	5.1352989209999995e-47
1379.7	5.156101635999999e-47
1382.9	5.176946401000001e-47
1386.1	5.197833216e-47
1389.3	5.218906563999999e-47
1392.5	5.240022544000001e-47
1395.7	5.261326225e-47
1398.9	5.282673124e-47
1402.1	5.304063240999999e-47
1405.4	5.325642529e-47
1408.6	5.347265625e-47
1411.8	5.369079076e-47
1415.1	5.390936929e-47
1418.4	5.412839184e-47
1421.6	5.434933284e-47
1424.9	5.457072383999999e-47
1428.2	5.479256483999999e-47
1431.5	5.501633929000001e-47
1434.8	5.524205625e-47
1438.1	5.546674576000001e-47
1441.4	5.569487640999999e-47
1444.7	5.592197961e-47
1448.1	5.615104356000001e-47
1451.4	5.638057568999999e-47
1454.8	5.661208081e-47
1458.1	5.684406025e-47
1461.5	5.7078025e-47
1464.8	5.731247024999999e-47
1468.2	5.754739599999999e-47
1471.6	5.778432256000001e-47
1475	5.802173584e-47
1478.4	5.826116240999999e-47
1481.8	5.850108196e-47
1485.2	5.874302736000002e-47
1488.7	5.903924569e-47
1492.1	5.922995521e-47
1495.5	5.947185923999999e-47
1499	5.971734728999999e-47
1502.4	5.996334095999999e-47
1505.9	6.021139216e-47
1509.4	6.045995536e-47
1512.9	6.071058888999999e-47
1516.3	6.096174084000001e-47
1519.8	6.1214976e-47
1523.3	6.146873603999999e-47
1526.9	6.172302096e-47
1530.4	6.197940528999998e-47
1533.9	6.2236321e-47
1537.4	6.249534916000001e-47
1541	6.275491524000001e-47
1544.5	6.301501923999999e-47
1548.1	6.327725208999999e-47
1551.7	6.354162369000001e-47
1555.3	6.380654641000001e-47
1558.8	6.407202025e-47
1562.4	6.433804521e-47
1566	6.460622883999999e-47
1569.6	6.4876581160000005e-47
1573.3	6.514749795999999e-47
1576.9	6.541897924e-47
1580.5	6.569264601000001e-47
1584.2	6.596688399999999e-47
1587.8	6.624332099999999e-47
1591.5	6.652033599999999e-47
1595.2	6.679956360999999e-47
1598.8	6.707937603999999e-47
1602.5	6.735977329000001e-47
1606.2	6.764240025000001e-47
1609.9	6.792726724e-47
1613.6	6.821108100000001e-47
1617.4	6.849714169e-47
1621.1	6.878545969e-47
1624.8	6.907438320999999e-47
1628.6	6.936557795999999e-47
1632.3	6.965738521e-47
1636.1	6.994980496e-47
1639.9	7.024451344000001e-47
1643.6	7.054152120999999e-47
1647.4	7.083747224999999e-47
1651.2	7.113741649000001e-47
1655	7.1436304e-47
1658.9	7.173751203999999e-47
1662.7	7.204105129000001e-47
1666.5	7.234523135999999e-47
1670.4	7.265175695999999e-47
1674.2	7.295893056e-47
1678.1	7.326675216000001e-47
1681.9	7.357693729000001e-47
1685.8	7.388777764000001e-47
1689.7	7.420099600000001e-47
1693.6	7.451487684e-47
1697.5	7.483115024999999e-47
1701.4	7.514809344000001e-47
1705.4	7.546744383999999e-47
1709.3	7.578747136e-47
1713.2	7.610992080999998e-47
1717.2	7.643305476e-47
1721.1	7.675687321e-47
1725.1	7.708313209e-47
1729.1	7.741184256e-47
1733.1	7.7741252409999995e-47
1737.1	7.807136164e-47
1741.1	7.840394115999999e-47
1745.1	7.873900225e-47
1749.1	7.907299929e-47
1753.1	7.941126769e-47
1757.2	7.975025809000002e-47
1761.2	8.008997049e-47
1765.3	8.043219856e-47
1769.4	8.077515625e-47
1773.5	8.112064489e-47
1777.5	8.146687081e-47
1781.6	8.181564304e-47
1785.8	8.216516024999999e-47
1789.9	8.251542244000001e-47
1794	8.287007088999999e-47
1798.1	8.322365529000001e-47
1802.3	8.357982084e-47
1806.4	8.393857924e-47
1810.6	8.429810596000001e-47
1814.8	8.466024121000001e-47
1819	8.502315264000001e-47
1823.2	8.538684025000001e-47
1827.4	8.575315609000001e-47
1831.6	8.612211204e-47
1835.8	8.649186001000001e-47
1840	8.686426400999999e-47
1844.3	8.723746801000001e-47
1848.5	8.761147201e-47
1852.8	8.799002809e-47
1857.1	8.836752016000001e-47
1861.3	8.874770436e-47
1865.6	8.913059281e-47
1869.9	8.951430544e-47
1874.3	8.990073856e-47
1878.6	9.0288004e-47
1882.9	9.067610176e-47
1887.2	9.106694041e-47
1891.6	9.146053225e-47
1896	9.185497281000002e-47
1900.3	9.225218304e-47
1904.7	9.265025024999998e-47
1909.1	9.305110368999999e-47
1913.5	9.345282241e-47
1917.9	9.3857344e-47
1922.3	9.426273921000001e-47
1926.8	9.467095400999998e-47
1931.2	9.508005081000001e-47
1935.7	9.5491984e-47
1940.1	9.590480761e-47
1944.6	9.632048449000002e-47
1949.1	9.673902736000001e-47
1953.6	9.715847761000001e-47
1958.1	9.757883524e-47
1962.6	9.800208016e-47
1967.1	9.842822521e-47
1971.7	9.885529476000002e-47
1976.2	9.928328881e-47
1980.8	9.971420448999998e-47
1985.3	1.00220121e-46
1989.9	1.00580841e-46
1994.5	1.01022601e-46
1999.1	1.01465329e-46
2003.7	1.0190902500000001e-46
2008.3	1.02353689e-46
2013	1.02799321e-46
2017.6	1.0324592099999998e-46
2022.3	1.03693489e-46
2026.9	1.04142025e-46
2031.6	1.0459152899999998e-46
2036.3	1.05042001e-46
2041	1.05513984e-46
2045.7	1.05966436e-46
2050.4	1.0641985599999998e-46
2055.1	1.06894921e-46
2059.9	1.07350321e-46
2064.6	1.07827456e-46
2069.4	1.08305649e-46
2074.2	1.08764041e-46
2078.9	1.09244304e-46
2083.7	1.09725625e-46
2088.5	1.10208004e-46
2093.4	1.10691441e-46
2098.2	1.11175936e-46
2103	1.1166148899999998e-46
2107.9	1.1214810000000001e-46
2112.7	1.12635769e-46
2117.6	1.13124496e-46
2122.5	1.13614281e-46
2127.4	1.14126489e-46
2132.3	1.1461843599999998e-46
2137.2	1.1513289999999998e-46
2142.1	1.1562700900000001e-46
2147.1	1.16143729e-46
2152	1.1664e-46
2157	1.1715897600000001e-46
2162	1.17679104e-46
2167	1.18178641e-46
2171.9	1.18701025e-46
2177	1.19224561e-46
2182	1.19749249e-46
2187	1.2027508899999998e-46
2192.1	1.20802081e-46
2197.1	1.2133022499999998e-46
2202.2	1.2188159999999999e-46
2207.3	1.2241209599999999e-46
2212.3	1.2294374399999998e-46
2217.4	1.23498769e-46
2222.6	1.2403276899999999e-46
2227.7	1.2456792099999998e-46
2232.8	1.25126596e-46
2238	1.25686521e-46
2243.1	1.26225225e-46
2248.3	1.267876e-46
2253.5	1.27351225e-46
2258.7	1.279161e-46
2263.9	1.2848222500000001e-46
2269.1	1.290496e-46
2274.3	1.2961822500000001e-46
2279.6	1.3018810000000001e-46
2284.8	1.30759225e-46
2290.1	1.3133160000000001e-46
2295.4	1.3190522500000001e-46
2300.7	1.3250312099999998e-46
2306	1.3307929599999999e-46
2311.3	1.33679844e-46
2316.6	1.34258569e-46
2322	1.3486176900000002e-46
2327.3	1.35443044e-46
2332.7	1.36048896e-46
2338.1	1.366561e-46
2343.5	1.37264656e-46
2348.9	1.37874564e-46
2354.3	1.38485824e-46
2359.7	1.39098436e-46
2365.2	1.397124e-46
2370.6	1.4032771599999999e-46
2376.1	1.40944384e-46
2381.6	1.4156240400000002e-46
2387.1	1.4220562499999998e-46
2392.6	1.42826401e-46
2398.1	1.43472484e-46
2403.6	1.4409601600000001e-46
2409.2	1.44744961e-46
2414.7	1.45371249e-46
2420.3	1.4602305600000001e-46
2425.9	1.4667632099999999e-46
2431.5	1.47331044e-46
2437.1	1.47987225e-46
2442.7	1.4864486399999998e-46
2448.3	1.49303961e-46
2454	1.49964516e-46
2459.6	1.5062652900000003e-46
2465.3	1.5129e-46
2471	1.51979584e-46
2476.7	1.5264602499999998e-46
2482.4	1.53363456e-46
2488.1	1.5400810000000002e-46
2493.8	1.5467896899999999e-46
2499.6	1.55376225e-46
2505.4	1.56075049e-46
2511.1	1.56775441e-46
2516.9	1.57452304e-46
2522.7	1.58155776e-46
2528.5	1.58860816e-46
2534.4	1.5956742399999998e-46
2540.2	1.60300921e-46
2546.1	1.6101072099999998e-46
2552	1.61722089e-46
2557.8	1.6243502499999998e-46
2563.7	1.6317507600000001e-46
2569.6	1.6389120399999999e-46
2575.6	1.64634561e-46
2581.5	1.6535388099999998e-46
2587.5	1.66100544e-46
2593.4	1.66848889e-46
2599.4	1.6757302500000001e-46
2605.4	1.68324676e-46
2611.4	1.69078009e-46
2617.4	1.69833024e-46
2623.5	1.7058972100000003e-46
2629.5	1.713481e-46
2635.6	1.7213439999999999e-46
2641.7	1.72896201e-46
2647.8	1.73659684e-46
2653.9	1.7445126399999999e-46
2660	1.7521816899999997e-46
2666.1	1.7601328900000003e-46
2672.3	1.7678361600000002e-46
2678.4	1.77582276e-46
2684.6	1.78382736e-46
2690.8	1.7918499599999996e-46
2697	1.7998905599999996e-46
2703.2	1.8079491600000004e-46
2709.5	1.8160257600000003e-46
2715.7	1.8241203600000002e-46
2722	1.83223296e-46
2728.2	1.8403635599999997e-46
2734.5	1.84878409e-46
2740.8	1.8569512899999998e-46
2747.2	1.8654096400000002e-46
2753.5	1.8736134400000002e-46
2759.8	1.8821096100000002e-46
2766.2	1.890625e-46
2772.6	1.89915961e-46
2779	1.90743721e-46
2785.4	1.91600964e-46
2791.8	1.9246012899999997e-46
2798.2	1.9332121599999996e-46
2804.7	1.9421209599999995e-46
2811.2	1.9507708900000005e-46
2817.6	1.9594400400000003e-46
2824.1	1.968409e-46
2830.7	1.9771172100000003e-46
2837.2	1.98612649e-46
2843.7	1.9948737600000003e-46
2850.3	2.00392336e-46
2856.9	2.0129934400000003e-46
2863.4	2.022084e-46
2870.1	2.03091001e-46
2876.7	2.04004089e-46
2883.3	2.04947856e-46
2890	2.05865104e-46
2896.6	2.067844e-46
2903.3	2.07705744e-46
2910	2.08658025e-46
2916.7	2.09583529e-46
2923.4	2.105401e-46
2930.2	2.1146976399999997e-46
2936.9	2.12430625e-46
2943.7	2.1339366399999998e-46
2950.5	2.14358881e-46
2957.3	2.15296929e-46
2964.1	2.16266436e-46
2970.9	2.172676e-46
2977.8	2.1824152900000003e-46
2984.7	2.19217636e-46
2991.5	2.20195921e-46
2998.4	2.21206129e-46
3005.4	2.22188836e-46
3012.3	2.2320360000000002e-46
3019.2	2.2419072900000005e-46
3026.2	2.2521004900000004e-46
3033.2	2.2623168099999995e-46
3040.2	2.2725562499999996e-46
3047.2	2.2828188099999997e-46
3054.2	2.29310449e-46
3061.3	2.30341329e-46
3068.3	2.31374521e-46
3075.4	2.32410025e-46
3082.5	2.334784e-46
3089.6	2.3451859600000003e-46
3096.7	2.3559180099999997e-46
3103.9	2.3663668899999997e-46
3111	2.3771472399999998e-46
3118.2	2.38795209e-46
3125.4	2.39878144e-46
3132.6	2.40963529e-46
3139.8	2.4205136400000002e-46
3147	2.4314164899999996e-46
3154.3	2.4423438399999998e-46
3161.6	2.45329569e-46
3168.9	2.46458601e-46
3176.2	2.4755875600000003e-46
3183.5	2.4869290000000003e-46
3190.8	2.4979802499999997e-46
3198.2	2.5093728099999997e-46
3205.6	2.52079129e-46
3213	2.53223569e-46
3220.4	2.5437060100000003e-46
3227.8	2.55520225e-46
3235.2	2.56672441e-46
3242.7	2.5782724900000003e-46
3250.2	2.5898464900000004e-46
3257.7	2.6017689999999995e-46
3265.2	2.6133955599999997e-46
3272.7	2.6253720900000002e-46
3280.3	2.6370512100000003e-46
3287.8	2.6490817599999995e-46
3295.4	2.66113969e-46
3303	2.673225e-46
3310.6	2.6853376900000006e-46
3318.3	2.6974777599999996e-46
3325.9	2.7096452099999998e-46
3333.6	2.7218400400000004e-46
3341.3	2.7343929599999995e-46
3349	2.7466432899999997e-46
3356.7	2.75925321e-46
3364.4	2.7715590400000006e-46
3372.2	2.7842259599999998e-46
3380	2.79692176e-46
3387.8	2.8096464400000003e-46
3395.6	2.8220640099999997e-46
3403.4	2.8351824400000003e-46
3411.3	2.8479937600000004e-46
3419.1	2.8608339599999997e-46
3427	2.87370304e-46
3434.9	2.8869408099999995e-46
3442.8	2.89986841e-46
3450.8	2.9131662400000004e-46
3458.7	2.9261523599999996e-46
3466.7	2.93951025e-46
3474.7	2.96700625e-46
3482.7	2.96631729e-46
3490.7	2.9797664400000003e-46
3498.8	2.9932460099999997e-46
3506.9	3.0071028100000002e-46
3514.9	3.0206439999999994e-46
3523.1	3.0342156099999997e-46
3531.2	3.0481668100000003e-46
3539.3	3.06215001e-46
3547.5	3.0758144400000003e-46
3555.7	3.08986084e-46
3563.9	3.10393924e-46
3572.1	3.1180496399999996e-46
3580.3	3.13219204e-46
3588.6	3.1463664399999993e-46
3596.8	3.16057284e-46
3605.1	3.1751676099999997e-46
3613.5	3.18943881e-46
3621.8	3.2040999999999995e-46
3630.1	3.21879481e-46
3638.5	3.2331636100000005e-46
3646.9	3.24792484e-46
3655.3	3.2627196899999994e-46
3663.7	3.2775481600000002e-46
3672.2	3.2924102499999995e-46
3680.7	3.30766969e-46
3689.1	3.32259984e-46
3697.7	3.33756361e-46
3706.2	3.35292721e-46
3714.7	3.3683260900000005e-46
3723.3	3.38339236e-46
3731.9	3.3988609600000005e-46
3740.5	3.4143648400000002e-46
3749.1	3.4299039999999994e-46
3757.8	3.4454784400000005e-46
3766.4	3.4610881599999998e-46
3775.1	3.4771060900000006e-46
3783.8	3.49278721e-46
3792.5	3.50887824e-46
3801.3	3.52463076e-46
3810	3.54079489e-46
3818.8	3.556995999999999e-46
3827.6	3.5732340900000006e-46
3836.5	3.58950916e-46
3845.3	3.6058212099999995e-46
3854.2	3.62217024e-46
3863.1	3.63893776e-46
3872	3.655361609999999e-46
3880.9	3.67220569e-46
3889.9	3.68870436e-46
3898.8	3.7056249999999995e-46
3907.8	3.72258436e-46
3916.8	3.73958244e-46
3925.9	3.7566192399999996e-46
3934.9	3.77369476e-46
3944	3.790809e-46
3953.1	3.80835225e-46
3962.2	3.82554481e-46
3971.3	3.84316816e-46
3980.5	3.86043904e-46
3989.7	3.8781424899999995e-46
3998.9	3.895886439999999e-46
4008.1	3.9136708900000004e-46
4017.3	3.93149584e-46
4026.6	3.94936129e-46
4035.9	3.96766561e-46
4045.2	3.985612959999999e-46
4054.5	4.004001000000001e-46
4063.9	4.02203025e-46
4073.2	4.04050201e-46
4082.6	4.05901609e-46
4092.1	4.077572489999999e-46
4101.5	4.0961712100000005e-46
4110.9	4.1148122500000006e-46
4120.4	4.13390224e-46
4129.9	4.15262884e-46
4139.5	4.17139776e-46
4149	4.1906184099999996e-46
4158.6	4.209883239999999e-46
4168.2	4.229192250000001e-46
4177.8	4.248545440000001e-46
4187.4	4.2679428100000004e-46
4197.1	4.28738436e-46
4206.7	4.30687009e-46
4216.4	4.32681601e-46
4226.2	4.34639104e-46
4235.9	4.36642816e-46
4245.7	4.38609249e-46
4255.5	4.40622081e-46
4265.3	4.42639521e-46
4275.1	4.44661569e-46
4285	4.46730496e-46
4294.8	4.487618559999999e-46
4304.8	4.507978239999999e-46
4314.7	4.52880961e-46
4324.6	4.5492624099999995e-46
4334.6	4.5701888399999994e-46
4344.6	4.591163289999999e-46
4354.6	4.6121857599999994e-46
4364.7	4.6332562499999995e-46
4374.7	4.654374759999999e-46
4384.8	4.6759737599999994e-46
4394.9	4.69718929e-46
4405.1	4.71888729e-46
4415.2	4.74019984e-46
4425.4	4.76199684e-46
4435.6	4.78384384e-46
4445.8	4.80574084e-46
4456.1	4.82768784e-46
4466.4	4.8501252900000004e-46
4476.7	4.872173290000001e-46
4487	4.894713760000001e-46
4497.3	4.916862759999999e-46
4507.7	4.93950625e-46
4518.1	4.9622017599999996e-46
4528.5	4.98494929e-46
4539	5.00774884e-46
4549.4	5.03060041e-46
4559.9	5.053504e-46
4570.4	5.0769102399999994e-46
4581	5.100370559999999e-46
4591.5	5.1234322499999996e-46
4602.1	5.1469996900000005e-46
4612.7	5.170621210000001e-46
4623.4	5.19429681e-46
4634	5.218026489999999e-46
4644.7	5.24226816e-46
4655.4	5.26610704e-46
4666.2	5.29046001e-46
4676.9	5.3144080899999994e-46
4687.7	5.33887236e-46
4698.5	5.36339281e-46
4709.4	5.38796944e-46
4720.2	5.41260225e-46
4731.1	5.43775761e-46
4742	5.4625038400000004e-46
4752.9	5.487774759999999e-46
4763.9	5.51263441e-46
4774.9	5.53802089e-46
4785.9	5.563465690000001e-46
4796.9	5.58896881e-46
4808	5.61453025e-46
4819.1	5.640625000000001e-46
4830.2	5.6663041599999996e-46
4841.3	5.69251881e-46
4852.5	5.718793959999999e-46
4863.7	5.74465024e-46
4874.9	5.77104529e-46
4886.1	5.7979824099999995e-46
4897.4	5.82449956e-46
4908.7	5.85107721e-46
4920	5.87820025e-46
4931.4	5.9049000000000005e-46
4942.7	5.932147359999999e-46
4954.1	5.959457440000001e-46
4965.6	5.986830239999999e-46
4977	6.01426576e-46
4988.5	6.041763999999999e-46
5000	6.06981769e-46